time,total,free,cache,buffer,used
2019-08-07 12:58:55.987000+00:00,9428135936,7090257920,1719840768,146391040,5.002539326984944
2019-08-07 12:59:00.987000+00:00,9428135936,7086813184,1719877632,146391040,5.03868509347721
2019-08-07 12:59:05.987000+00:00,9428135936,7081992192,1719918592,146399232,5.089297855452559
2019-08-07 12:59:10.987000+00:00,9428135936,7081607168,1719947264,146407424,5.0929906320773695
2019-08-07 12:59:15.987000+00:00,9428135936,7078285312,1719984128,146407424,5.127833065643231
2019-08-07 12:59:20.987000+00:00,9428135936,7079239680,1720016896,146407424,5.117362957801121
2019-08-07 12:59:25.987000+00:00,9428135936,7077842944,1720053760,146407424,5.131786508853323
2019-08-07 12:59:30.987000+00:00,9428135936,7076036608,1720082432,146411520,5.150597947424418
2019-08-07 12:59:35.987000+00:00,9428135936,7075352576,1720119296,146411520,5.157462167503478
2019-08-07 12:59:40.987000+00:00,9428135936,7072325632,1720147968,146411520,5.189263490907732
2019-08-07 12:59:45.987000+00:00,9428135936,7070973952,1720184832,146411520,5.203209153220254
2019-08-07 12:59:50.987000+00:00,9428135936,7070560256,1720213504,146411520,5.2072929297229855
2019-08-07 12:59:55.987000+00:00,9428135936,7069257728,1720250368,146411520,5.220717258864944
2019-08-07 13:00:00.987000+00:00,9428135936,7068938240,1720283136,146411520,5.223758369026553
2019-08-07 13:00:05.987000+00:00,9428135936,7065055232,1720315904,146411520,5.264596134053874
2019-08-07 13:00:10.987000+00:00,9428135936,7064371200,1720348672,146411520,5.271503798563814
2019-08-07 13:00:15.987000+00:00,9428135936,6919147520,1799254016,146505728,5.973913357033719
2019-08-07 13:00:20.987000+00:00,9428135936,6842978304,1881276416,146538496,5.911483709858975
2019-08-07 13:00:25.987000+00:00,9428135936,6833291264,1881313280,146538496,6.0138387890125555
2019-08-07 13:00:30.987000+00:00,9428135936,6824906752,1881346048,146538496,6.102421983577136
2019-08-07 13:00:35.987000+00:00,9428135936,6820782080,1881382912,146538496,6.145779525595504
2019-08-07 13:00:40.987000+00:00,9428135936,6783164416,1881411584,146542592,6.544425623351556
2019-08-07 13:00:45.987000+00:00,9428135936,6781009920,1881448448,146542592,6.566886394116582
2019-08-07 13:00:50.987000+00:00,9428135936,6780932096,1881481216,146542592,6.567364282856262
2019-08-07 13:00:55.987000+00:00,9428135936,6780805120,1881518080,146542592,6.568320060335625
2019-08-07 13:01:00.987000+00:00,9428135936,6778155008,1881546752,146542592,6.5961244960989065
2019-08-07 13:01:05.987000+00:00,9428135936,6740062208,1881583616,146546688,6.999723258975293
2019-08-07 13:01:10.987000+00:00,9428135936,6739902464,1881616384,146546688,7.001070036332578
2019-08-07 13:01:15.987000+00:00,9428135936,6739902464,1881653248,146546688,7.000679036454656
2019-08-07 13:01:20.987000+00:00,9428135936,6739648512,1881686016,146546688,7.0030250357221835
2019-08-07 13:01:25.987000+00:00,9428135936,6738853888,1881722880,146546688,7.011062255435006
2019-08-07 13:01:30.987000+00:00,9428135936,6700855296,1881755648,146546688,7.413748685262911
2019-08-07 13:01:35.987000+00:00,9428135936,6700601344,1881792512,146546688,7.416051240099557
2019-08-07 13:01:40.987000+00:00,9428135936,6700093440,1881825280,146546688,7.4210907940816515
2019-08-07 13:01:45.987000+00:00,9428135936,6700474368,1881862144,146546688,7.416659462131879
2019-08-07 13:01:50.987000+00:00,9428135936,6700077056,1881890816,146546688,7.42056946091109
2019-08-07 13:01:55.987000+00:00,9428135936,6666461184,1881927680,146546688,7.776726905266377
2019-08-07 13:02:00.987000+00:00,9428135936,6666268672,1881960448,146546688,7.7784212380707025
2019-08-07 13:02:05.987000+00:00,9428135936,6666141696,1881997312,146546688,7.779377015550065
2019-08-07 13:02:10.987000+00:00,9428135936,6665252864,1882025984,146546688,7.788500346034892
2019-08-07 13:02:15.987000+00:00,9428135936,6656966656,1882062848,146546688,7.8759974298274695
2019-08-07 13:02:20.987000+00:00,9428135936,6626562048,1882095616,146546688,8.198137884803616
2019-08-07 13:02:25.987000+00:00,9428135936,6626910208,1882132480,146546688,8.194054108300884
2019-08-07 13:02:30.987000+00:00,9428135936,6626623488,1882165248,146546688,8.196747663015453
2019-08-07 13:02:35.987000+00:00,9428135936,6626463744,1882202112,146546688,8.198050995941855
2019-08-07 13:02:40.987000+00:00,9428135936,6592495616,1882234880,146546688,8.557988105783714
2019-08-07 13:02:45.987000+00:00,9428135936,6592495616,1882271744,146546688,8.557597105905792
2019-08-07 13:02:50.987000+00:00,9428135936,6591987712,1882304512,146546688,8.562636659887888
2019-08-07 13:02:55.987000+00:00,9428135936,6591574016,1882337280,146546688,8.566676991959739
2019-08-07 13:03:00.987000+00:00,9428135936,6591320064,1882370048,146546688,8.569022991227266
2019-08-07 13:03:05.987000+00:00,9428135936,6555258880,1882406912,146546688,8.951116760817989
2019-08-07 13:03:10.987000+00:00,9428135936,6554296320,1882439680,146546688,8.960978646627778
2019-08-07 13:03:15.987000+00:00,9428135936,6554390528,1882476544,146546688,8.959588424839614
2019-08-07 13:03:20.987000+00:00,9428135936,6554390528,1882505216,146546688,8.959284313823453
2019-08-07 13:03:25.987000+00:00,9428135936,6554390528,1882542080,146546688,8.958893313945532
2019-08-07 13:03:30.987000+00:00,9428135936,6524010496,1882574848,146546688,9.280773102336399
2019-08-07 13:03:35.987000+00:00,9428135936,6523502592,1882611712,146546688,9.285769211887612
2019-08-07 13:03:40.987000+00:00,9428135936,6523596800,1882644480,146546688,9.28442243453033
2019-08-07 13:03:45.987000+00:00,9428135936,6519914496,1882681344,146546688,9.323087978013643
2019-08-07 13:03:50.987000+00:00,9428135936,6519914496,1882714112,146546688,9.322740422566602
2019-08-07 13:03:55.987000+00:00,9428135936,6478233600,1882750976,146546688,9.76443995132486
2019-08-07 13:04:00.987000+00:00,9428135936,6478200832,1882783744,146546688,9.76443995132486
2019-08-07 13:04:05.987000+00:00,9428135936,6478073856,1882816512,146546688,9.765439173235102
2019-08-07 13:04:10.987000+00:00,9428135936,6478397440,1882849280,146546688,9.761659507748531
2019-08-07 13:04:15.987000+00:00,9428135936,6478237696,1882886144,146546688,9.762962840674936
2019-08-07 13:04:20.987000+00:00,9428135936,6449414144,1882918912,146546688,10.068333745331353
2019-08-07 13:04:25.987000+00:00,9428135936,6449078272,1882951680,146546688,10.071548633216482
2019-08-07 13:04:30.987000+00:00,9428135936,6448885760,1882984448,146546688,10.073242966020807
2019-08-07 13:04:35.987000+00:00,9428135936,6448631808,1883021312,146546688,10.075545520857453
2019-08-07 13:04:40.987000+00:00,9428135936,6409236480,1883054080,146546688,10.493046501615481
2019-08-07 13:04:45.987000+00:00,9428135936,6429343744,1883090944,146546688,10.279386790547013
2019-08-07 13:04:50.987000+00:00,9428135936,6430253056,1883123712,146546688,10.269394571444584
2019-08-07 13:04:55.987000+00:00,9428135936,6430093312,1883160576,146546688,10.270697904370987
2019-08-07 13:05:00.987000+00:00,9428135936,6429904896,1883193344,146546688,10.272348792744431
2019-08-07 13:05:05.987000+00:00,9428135936,6404730880,1883230208,146546688,10.538967265055776
2019-08-07 13:05:10.987000+00:00,9428135936,6404857856,1883258880,146546688,10.537316376682332
2019-08-07 13:05:15.987000+00:00,9428135936,6404730880,1883295744,146546688,10.538272154161694
2019-08-07 13:05:20.987000+00:00,9428135936,6404571136,1883328512,146546688,10.539618931518978
2019-08-07 13:05:25.987000+00:00,9428135936,6369017856,1883365376,146546688,10.916325591680565
2019-08-07 13:05:30.987000+00:00,9428135936,6368858112,1883398144,146546688,10.917672369037849
2019-08-07 13:05:35.987000+00:00,9428135936,6379941888,1883430912,146546688,10.799764183629183
2019-08-07 13:05:40.987000+00:00,9428135936,6380195840,1883463680,146546688,10.796723073467573
2019-08-07 13:05:45.987000+00:00,9428135936,6355435520,1883500544,146546688,11.058953658260025
2019-08-07 13:05:50.987000+00:00,9428135936,6355402752,1883533312,146546688,11.058953658260025
2019-08-07 13:05:55.987000+00:00,9428135936,6355275776,1883566080,146546688,11.059952880170268
2019-08-07 13:06:00.987000+00:00,9428135936,6355243008,1883602944,146546688,11.059909435739387
2019-08-07 13:06:05.987000+00:00,9428135936,6321975296,1883639808,146546688,11.412374103469864
2019-08-07 13:06:10.987000+00:00,9428135936,6320799744,1883672576,146546688,11.42449509968542
2019-08-07 13:06:15.987000+00:00,9428135936,6321053696,1883709440,146546688,11.42141054509293
2019-08-07 13:06:20.987000+00:00,9428135936,6322163712,1883738112,146546688,11.409332993308254
2019-08-07 13:06:25.987000+00:00,9428135936,6298165248,1883774976,146546688,11.663482913957
2019-08-07 13:06:30.987000+00:00,9428135936,6297243648,1883807744,146546688,11.67291035545799
2019-08-07 13:06:35.987000+00:00,9428135936,6291472384,1883844608,146546688,11.733732558690168
2019-08-07 13:06:40.987000+00:00,9428135936,6289948672,1883873280,146546688,11.749589775961415
2019-08-07 13:06:45.987000+00:00,9428135936,6289944576,1883914240,146546688,11.749198776083492
2019-08-07 13:06:50.987000+00:00,9428135936,6254264320,1883947008,146546688,12.127295658033246
2019-08-07 13:06:55.987000+00:00,9428135936,6251806720,1883983872,146546688,12.1529713166834
2019-08-07 13:07:00.987000+00:00,9428135936,6251171840,1884016640,146546688,12.159357648022779
2019-08-07 13:07:05.987000+00:00,9428135936,6251040768,1884049408,146546688,12.160400314363901
2019-08-07 13:07:10.987000+00:00,9428135936,6226280448,1884086272,146546688,12.422630899156353
2019-08-07 13:07:15.987000+00:00,9428135936,6226378752,1884123136,146546688,12.42119723293731
2019-08-07 13:07:20.987000+00:00,9428135936,6226345984,1884155904,146550784,12.421153788506428
2019-08-07 13:07:25.987000+00:00,9428135936,6226317312,1884192768,146550784,12.421066899644668
2019-08-07 13:07:30.987000+00:00,9428135936,6191017984,1884221440,146550784,12.795166893953446
2019-08-07 13:07:35.987000+00:00,9428135936,6190505984,1884258304,146550784,12.800206447935542
2019-08-07 13:07:40.987000+00:00,9428135936,6190125056,1884291072,146550784,12.803899224560352
2019-08-07 13:07:45.987000+00:00,9428135936,6190096384,1884327936,146550784,12.803812335698591
2019-08-07 13:07:50.987000+00:00,9428135936,6168891392,1884360704,146550784,13.028376598917973
2019-08-07 13:07:55.987000+00:00,9428135936,6168379392,1884397568,146550784,13.033416152900068
2019-08-07 13:08:00.987000+00:00,9428135936,6167871488,1884426240,146550784,13.038499151313044
2019-08-07 13:08:05.987000+00:00,9428135936,6140575744,1884463104,146550784,13.327621838820292
2019-08-07 13:08:10.987000+00:00,9428135936,6140035072,1884495872,146550784,13.333008948249429
2019-08-07 13:08:15.987000+00:00,9428135936,6139588608,1884532736,146550784,13.337353391337443
2019-08-07 13:08:20.987000+00:00,9428135936,6139555840,1884569600,146550784,13.337309946906561
2019-08-07 13:08:25.987000+00:00,9428135936,6119211008,1884602368,146550784,13.552750879641115
2019-08-07 13:08:30.987000+00:00,9428135936,6119084032,1884635136,146550784,13.553750101551357
2019-08-07 13:08:35.987000+00:00,9428135936,6118858752,1884672000,146550784,13.555748545371843
2019-08-07 13:08:40.987000+00:00,9428135936,6092414976,1884704768,146550784,13.835878235686907
2019-08-07 13:08:45.987000+00:00,9428135936,6087942144,1884741632,146550784,13.882928554330084
2019-08-07 13:08:50.987000+00:00,9428135936,6088101888,1884770304,146554880,13.880886666078718
2019-08-07 13:08:55.987000+00:00,9428135936,6087860224,1884807168,146554880,13.883058887622726
2019-08-07 13:09:00.987000+00:00,9428135936,6067671040,1884839936,146554880,14.096848931983832
2019-08-07 13:09:05.987000+00:00,9428135936,6067261440,1884876800,146554880,14.100802375193924
2019-08-07 13:09:10.987000+00:00,9428135936,6067068928,1884909568,146554880,14.102496707998249
2019-08-07 13:09:15.987000+00:00,9428135936,6067003392,1884942336,146554880,14.102844263445292
2019-08-07 13:09:20.987000+00:00,9428135936,6036115456,1884975104,146554880,14.430111161265295
2019-08-07 13:09:25.987000+00:00,9428135936,6035992576,1885016064,146554880,14.430980049882896
2019-08-07 13:09:30.987000+00:00,9428135936,6035927040,1885048832,146554880,14.431327605329935
2019-08-07 13:09:35.987000+00:00,9428135936,6015926272,1885085696,146554880,14.643075761439677
2019-08-07 13:09:40.987000+00:00,9428135936,6015545344,1885114368,146554880,14.64681198249537
2019-08-07 13:09:45.987000+00:00,9428135936,6015516672,1885151232,146554880,14.64672509363361
2019-08-07 13:09:50.987000+00:00,9428135936,6015389696,1885184000,146554880,14.647724315543853
2019-08-07 13:09:55.987000+00:00,9428135936,5985697792,1885220864,146554880,14.962261995115977
2019-08-07 13:10:00.987000+00:00,9428135936,5985665024,1885253632,146554880,14.962261995115977
2019-08-07 13:10:05.987000+00:00,9428135936,5985796096,1885290496,146554880,14.960480773449891
2019-08-07 13:10:10.987000+00:00,9428135936,5985382400,1885319168,146554880,14.964564549952625
2019-08-07 13:10:15.987000+00:00,9428135936,5960015872,1885356032,146554880,15.233224910515334
2019-08-07 13:10:20.987000+00:00,9428135936,5960466432,1885388800,146554880,15.228098467671478
2019-08-07 13:10:25.987000+00:00,9428135936,5960114176,1885425664,146554880,15.231443688849247
2019-08-07 13:10:30.987000+00:00,9428135936,5937225728,1885458432,146554880,15.47386361316036
2019-08-07 13:10:35.987000+00:00,9428135936,5936721920,1885495296,146554880,15.478816278280696
2019-08-07 13:10:40.987000+00:00,9428135936,5936689152,1885528064,146554880,15.478816278280696
2019-08-07 13:10:45.987000+00:00,9428135936,5919703040,1885564928,146554880,15.658589333262663
2019-08-07 13:10:50.987000+00:00,9428135936,5919576064,1885597696,146554880,15.659588555172906
2019-08-07 13:10:55.987000+00:00,9428135936,5919420416,1885634560,146554880,15.66084844366843
2019-08-07 13:11:00.987000+00:00,9428135936,5892755456,1885663232,146554880,15.943367577681899
2019-08-07 13:11:05.987000+00:00,9428135936,5892497408,1885700096,146554880,15.945713576949426
2019-08-07 13:11:10.987000+00:00,9428135936,5892243456,1885732864,146554880,15.948059576216956
2019-08-07 13:11:15.987000+00:00,9428135936,5875740672,1885769728,146554880,16.122706188355068
2019-08-07 13:11:20.987000+00:00,9428135936,5875613696,1885802496,146554880,16.12370541026531
2019-08-07 13:11:25.987000+00:00,9428135936,5875421184,1885839360,146554880,16.125356298638753
2019-08-07 13:11:30.987000+00:00,9428135936,5848469504,1885868032,146554880,16.410916542813837
2019-08-07 13:11:35.987000+00:00,9428135936,5848403968,1885904896,146554880,16.411220653829997
2019-08-07 13:11:40.987000+00:00,9428135936,5848727552,1885937664,146554880,16.407440988343424
2019-08-07 13:11:45.987000+00:00,9428135936,5831598080,1885978624,146554880,16.58869115397532
2019-08-07 13:11:50.987000+00:00,9428135936,5831471104,1886011392,146554880,16.58969037588556
2019-08-07 13:11:55.987000+00:00,9428135936,5831372800,1886044160,146554880,16.590385486779642
2019-08-07 13:12:00.987000+00:00,9428135936,5805760512,1886076928,146554880,16.86169595762604
2019-08-07 13:12:05.987000+00:00,9428135936,5805568000,1886113792,146554880,16.863346845999487
2019-08-07 13:12:10.987000+00:00,9428135936,5805694976,1886146560,146554880,16.86165251319516
2019-08-07 13:12:15.987000+00:00,9428135936,5789089792,1886183424,146554880,17.037385236105276
2019-08-07 13:12:20.987000+00:00,9428135936,5789159424,1886212096,146554880,17.036342569764155
2019-08-07 13:12:25.987000+00:00,9428135936,5784363008,1886248960,146554880,17.08682499844686
2019-08-07 13:12:30.987000+00:00,9428135936,5756395520,1886281728,146554880,17.383116017049332
2019-08-07 13:12:35.987000+00:00,9428135936,5756203008,1886318592,146554880,17.384766905422776
2019-08-07 13:12:40.987000+00:00,9428135936,5756399616,1886351360,146554880,17.38233401729349
2019-08-07 13:12:45.987000+00:00,9428135936,5739413504,1886388224,146554880,17.56210707227546
2019-08-07 13:12:50.987000+00:00,9428135936,5739532288,1886420992,146554880,17.56049962833289
2019-08-07 13:12:55.987000+00:00,9428135936,5739339776,1886457856,146554880,17.56215051670634
2019-08-07 13:13:00.987000+00:00,9428135936,5712769024,1886490624,146554880,17.843626984378684
2019-08-07 13:13:05.987000+00:00,9428135936,5710233600,1886527488,146554880,17.870128087215566
2019-08-07 13:13:10.987000+00:00,9428135936,5710106624,1886560256,146554880,17.871127309125807
2019-08-07 13:13:15.987000+00:00,9428135936,5693374464,1886593024,146554880,18.04825025382409
2019-08-07 13:13:20.987000+00:00,9428135936,5693214720,1886625792,146554880,18.04959703118137
2019-08-07 13:13:25.987000+00:00,9428135936,5693091840,1886662656,146554880,18.050509364229857
2019-08-07 13:13:30.987000+00:00,9428135936,5666267136,1886695424,146554880,18.33467938661677
2019-08-07 13:13:35.987000+00:00,9428135936,5666201600,1886732288,146554880,18.33498349763293
2019-08-07 13:13:40.987000+00:00,9428135936,5665820672,1886760960,146554880,18.33871971868862
2019-08-07 13:13:45.987000+00:00,9428135936,5649920000,1886797824,146554880,18.506979999487356
2019-08-07 13:13:50.987000+00:00,9428135936,5650300928,1886830592,146554880,18.502592111968465
2019-08-07 13:13:55.987000+00:00,9428135936,5645029376,1886867456,146554880,18.558114094633265
2019-08-07 13:14:00.987000+00:00,9428135936,5614903296,1886904320,146554880,18.877256883878683
2019-08-07 13:14:05.987000+00:00,9428135936,5611479040,1886941184,146554880,18.91318542821655
2019-08-07 13:14:10.987000+00:00,9428135936,5610811392,1886969856,146554880,18.91996275943385
2019-08-07 13:14:15.987000+00:00,9428135936,5594238976,1887006720,146558976,19.095304482466045
2019-08-07 13:14:20.987000+00:00,9428135936,5593350144,1887039488,146558976,19.10438436851999
2019-08-07 13:14:25.987000+00:00,9428135936,5593481216,1887076352,146558976,19.102603146853905
2019-08-07 13:14:30.987000+00:00,9428135936,5566689280,1887105024,146558976,19.386469058224662
2019-08-07 13:14:35.987000+00:00,9428135936,5566337024,1887141888,146558976,19.389814279402433
2019-08-07 13:14:40.987000+00:00,9428135936,5566431232,1887174656,146558976,19.388467502045145
2019-08-07 13:14:45.987000+00:00,9428135936,5549223936,1887211520,146558976,19.570586556294643
2019-08-07 13:14:50.987000+00:00,9428135936,5549166592,1887244288,146558976,19.570847222879923
2019-08-07 13:14:55.987000+00:00,9428135936,5549195264,1887281152,146558976,19.57015211198584
2019-08-07 13:15:00.987000+00:00,9428135936,5522370560,1887309824,146563072,19.854322134372758
2019-08-07 13:15:05.987000+00:00,9428135936,5521956864,1887346688,146563072,19.858319022013728
2019-08-07 13:15:10.987000+00:00,9428135936,5521989632,1887383552,146563072,19.857580466688766
2019-08-07 13:15:15.987000+00:00,9428135936,5505134592,1887420416,146563072,20.03596329988257
2019-08-07 13:15:20.987000+00:00,9428135936,5504880640,1887453184,146563072,20.038309299150097
2019-08-07 13:15:25.987000+00:00,9428135936,5504942080,1887485952,146563072,20.03731007723985
2019-08-07 13:15:30.987000+00:00,9428135936,5478785024,1887518720,146563072,20.31439865739331
2019-08-07 13:15:35.987000+00:00,9428135936,5478629376,1887555584,146563072,20.31565854588883
2019-08-07 13:15:40.987000+00:00,9428135936,5478850560,1887588352,146563072,20.312964991174265
2019-08-07 13:15:45.987000+00:00,9428135936,5462056960,1887625216,146563072,20.490696157904868
2019-08-07 13:15:50.987000+00:00,9428135936,5461864448,1887653888,146563072,20.492433935140074
2019-08-07 13:15:55.987000+00:00,9428135936,5461901312,1887690752,146563072,20.49165193538423
2019-08-07 13:16:00.989000+00:00,9428135936,5435490304,1887723520,146563072,20.77143407025225
2019-08-07 13:16:05.987000+00:00,9428135936,5435330560,1887760384,146563072,20.772737403178656
2019-08-07 13:16:10.987000+00:00,9428135936,5435330560,1887793152,146563072,20.772389847731613
2019-08-07 13:16:15.987000+00:00,9428135936,5414313984,1887834112,146563072,20.99486877826875
2019-08-07 13:16:20.987000+00:00,9428135936,5414313984,1887862784,146563072,20.99456466725259
2019-08-07 13:16:25.987000+00:00,9428135936,5414248448,1887899648,146567168,20.99482533383787
2019-08-07 13:16:30.987000+00:00,9428135936,5391519744,1887932416,146567168,21.235550925344658
2019-08-07 13:16:35.987000+00:00,9428135936,5391523840,1887969280,146567168,21.235116481035853
2019-08-07 13:16:40.987000+00:00,9428135936,5391523840,1888002048,146567168,21.234768925588813
2019-08-07 13:16:45.987000+00:00,9428135936,5374316544,1888034816,146567168,21.41693142426919
2019-08-07 13:16:50.987000+00:00,9428135936,5374316544,1888067584,146567168,21.416583868822148
2019-08-07 13:16:55.987000+00:00,9428135936,5373939712,1888104448,146567168,21.4201897565852
2019-08-07 13:17:00.987000+00:00,9428135936,5347368960,1888137216,146567168,21.701666224257547
2019-08-07 13:17:05.987000+00:00,9428135936,5347176448,1888174080,146567168,21.70331711263099
2019-08-07 13:17:10.987000+00:00,9428135936,5347176448,1888202752,146567168,21.703013001614828
2019-08-07 13:17:15.987000+00:00,9428135936,5330317312,1888239616,146567168,21.881439279239515
2019-08-07 13:17:20.987000+00:00,9428135936,5330063360,1888272384,146567168,21.88378527850704
2019-08-07 13:17:25.987000+00:00,9428135936,5330194432,1888313344,146567168,21.881960612410076
2019-08-07 13:17:30.987000+00:00,9428135936,5303562240,1888346112,146567168,22.164088746545623
2019-08-07 13:17:35.987000+00:00,9428135936,5303463936,1888382976,146567168,22.164740413008825
2019-08-07 13:17:40.987000+00:00,9428135936,5303463936,1888411648,146567168,22.164436301992666
2019-08-07 13:17:45.987000+00:00,9428135936,5286580224,1888448512,146567168,22.34312324620263
2019-08-07 13:17:50.987000+00:00,9428135936,5286420480,1888481280,146567168,22.344470023559914
2019-08-07 13:17:55.987000+00:00,9428135936,5285879808,1888518144,146567168,22.34981368855817
2019-08-07 13:18:00.987000+00:00,9428135936,5258895360,1888550912,146567168,22.63567804374941
2019-08-07 13:18:05.987000+00:00,9428135936,5259083776,1888583680,146567168,22.633332044481882
2019-08-07 13:18:10.987000+00:00,9428135936,5258829824,1888616448,146567168,22.63567804374941
2019-08-07 13:18:15.987000+00:00,9428135936,5242200064,1888653312,146567168,22.811671433244808
2019-08-07 13:18:20.987000+00:00,9428135936,5241913344,1888686080,146567168,22.814364987959376
2019-08-07 13:18:25.987000+00:00,9428135936,5241974784,1888722944,146567168,22.813322321618255
2019-08-07 13:18:30.987000+00:00,9428135936,5214896128,1888751616,146567168,23.100229343150616
2019-08-07 13:18:35.987000+00:00,9428135936,5215154176,1888792576,146567168,23.097057899696367
2019-08-07 13:18:40.987000+00:00,9428135936,5215027200,1888825344,146567168,23.09805712160661
2019-08-07 13:18:45.987000+00:00,9428135936,5198168064,1888862208,146567168,23.276483399231292
2019-08-07 13:18:50.987000+00:00,9428135936,5197946880,1888894976,146567168,23.27848184305178
2019-08-07 13:18:55.987000+00:00,9428135936,5176836096,1888931840,146567168,23.502003439930036
2019-08-07 13:19:00.987000+00:00,9428135936,5175947264,1888960512,146571264,23.511083325983982
2019-08-07 13:19:05.987000+00:00,9428135936,5175730176,1888997376,146571264,23.51299488094271
2019-08-07 13:19:10.987000+00:00,9428135936,5166555136,1889030144,146571264,23.609962850667156
2019-08-07 13:19:15.987000+00:00,9428135936,6873698304,1861775360,146571264,5.792141858231265
2019-08-07 13:19:20.987000+00:00,9428135936,6864920576,1861808128,146571264,5.884895718160337
2019-08-07 13:19:25.987000+00:00,9428135936,6860537856,1861844992,146571264,5.930990259324152
2019-08-07 13:19:30.987000+00:00,9428135936,6852251648,1861877760,146571264,6.0185307875476095
2019-08-07 13:19:35.987000+00:00,9428135936,6813933568,1861918720,146575360,6.424475549691524
2019-08-07 13:19:40.987000+00:00,9428135936,6812536832,1861947392,146575360,6.438985989605485
2019-08-07 13:19:45.987000+00:00,9428135936,6813413376,1861984256,146575360,6.429297881519217
2019-08-07 13:19:50.987000+00:00,9428135936,6813024256,1862017024,146575360,6.433077547005787
2019-08-07 13:19:55.987000+00:00,9428135936,6812798976,1862053888,146575360,6.435075990826274
2019-08-07 13:20:00.987000+00:00,9428135936,6775848960,1862086656,146575360,6.826640646348865
2019-08-07 13:20:05.987000+00:00,9428135936,6774837248,1862119424,146575360,6.837023865329216
2019-08-07 13:20:10.987000+00:00,9428135936,6774423552,1862152192,146575360,6.841064197401067
2019-08-07 13:20:15.987000+00:00,9428135936,6774104064,1862189056,146575360,6.844061863131796
2019-08-07 13:20:20.987000+00:00,9428135936,6773977088,1862221824,146575360,6.8450610850420395
2019-08-07 13:20:25.987000+00:00,9428135936,6736707584,1862258688,146575360,7.239970961742399
2019-08-07 13:20:30.987000+00:00,9428135936,6736412672,1862287360,146575360,7.2427948497496075
2019-08-07 13:20:35.987000+00:00,9428135936,6736703488,1862324224,146575360,7.239319295279198
2019-08-07 13:20:40.987000+00:00,9428135936,6736449536,1862361088,146575360,7.241621850115846
2019-08-07 13:20:45.987000+00:00,9428135936,6736543744,1862397952,146575360,7.24023162832768
2019-08-07 13:20:50.987000+00:00,9428135936,6702686208,1862430720,146575360,7.598995738535776
2019-08-07 13:20:55.987000+00:00,9428135936,6702653440,1862467584,146575360,7.598952294104895
2019-08-07 13:21:00.987000+00:00,9428135936,6702493696,1862496256,146575360,7.600342515893059
2019-08-07 13:21:05.987000+00:00,9428135936,6702657536,1862533120,146575360,7.598213738779933
2019-08-07 13:21:10.987000+00:00,9428135936,6701862912,1862565888,146575360,7.606294402923637
2019-08-07 13:21:15.987000+00:00,9428135936,6662545408,1862602752,146575360,8.02292649506406
2019-08-07 13:21:20.987000+00:00,9428135936,6662418432,1862635520,146575360,8.023925716974304
2019-08-07 13:21:25.987000+00:00,9428135936,6662422528,1862668288,146575360,8.023534717096382
2019-08-07 13:21:30.987000+00:00,9428135936,6662295552,1862701056,146575360,8.024533939006625
2019-08-07 13:21:35.987000+00:00,9428135936,6629945344,1862737920,146575360,8.367267054219953
2019-08-07 13:21:40.987000+00:00,9428135936,6628200448,1862770688,146575360,8.385426826327846
2019-08-07 13:21:45.987000+00:00,9428135936,6628229120,1862807552,146575360,8.384731715433764
2019-08-07 13:21:50.987000+00:00,9428135936,6627594240,1862840320,146575360,8.391118046773142
2019-08-07 13:21:55.987000+00:00,9428135936,6627725312,1862877184,146575360,8.389336825107058
2019-08-07 13:22:00.987000+00:00,9428135936,6591537152,1862909952,146575360,8.772820816485945
2019-08-07 13:22:05.987000+00:00,9428135936,6590042112,1862946816,146575360,8.78828703387927
2019-08-07 13:22:10.987000+00:00,9428135936,6590169088,1862979584,146575360,8.786592701074945
2019-08-07 13:22:15.987000+00:00,9428135936,6589849600,1863016448,146575360,8.789590366805674
2019-08-07 13:22:20.987000+00:00,9428135936,6590484480,1863045120,146575360,8.782552369003094
2019-08-07 13:22:25.987000+00:00,9428135936,6567104512,1863053312,146575360,9.030446291605102
2019-08-07 13:22:30.987000+00:00,9428135936,6566215680,1863086080,146575360,9.039526177659049
2019-08-07 13:22:35.987000+00:00,9428135936,6565863424,1863122944,146575360,9.04287139883682
2019-08-07 13:22:40.987000+00:00,9428135936,6565990400,1863155712,146575360,9.041177066032494
2019-08-07 13:22:45.987000+00:00,9428135936,6566121472,1863188480,146575360,9.03943928879729
2019-08-07 13:22:50.987000+00:00,9428135936,6524735488,1863221248,146575360,9.478054262963058
2019-08-07 13:22:55.987000+00:00,9428135936,6524510208,1863258112,146575360,9.480052706783544
2019-08-07 13:23:00.987000+00:00,9428135936,6524383232,1863294976,146575360,9.481008484262906
2019-08-07 13:23:05.987000+00:00,9428135936,6523428864,1863331840,146575360,9.490740036780055
2019-08-07 13:23:10.987000+00:00,9428135936,6522990592,1863360512,146575360,9.49508447986807
2019-08-07 13:23:15.987000+00:00,9428135936,6494068736,1863397376,146575360,9.801454606434728
2019-08-07 13:23:20.987000+00:00,9428135936,6494068736,1863430144,146575360,9.801107050987687
2019-08-07 13:23:25.987000+00:00,9428135936,6493970432,1863467008,146575360,9.80175871745089
2019-08-07 13:23:30.987000+00:00,9428135936,6494097408,1863499776,146575360,9.800064384646564
2019-08-07 13:23:35.987000+00:00,9428135936,6493974528,1863536640,146575360,9.800976717695047
2019-08-07 13:23:40.987000+00:00,9428135936,6453469184,1863565312,146575360,10.23029458365247
2019-08-07 13:23:45.987000+00:00,9428135936,6453116928,1863602176,146575360,10.233639804830238
2019-08-07 13:23:50.987000+00:00,9428135936,6453149696,1863634944,146575360,10.232944693936156
2019-08-07 13:23:55.987000+00:00,9428135936,6453084160,1863671808,146575360,10.233248804952318
2019-08-07 13:24:00.987000+00:00,9428135936,6428393472,1863704576,146575360,10.494784278850686
2019-08-07 13:24:05.987000+00:00,9428135936,6428200960,1863737344,146575360,10.49647861165501
2019-08-07 13:24:10.987000+00:00,9428135936,6428295168,1863774208,146575360,10.495088389866847
2019-08-07 13:24:15.987000+00:00,9428135936,6428135424,1863811072,146575360,10.49639172279325
2019-08-07 13:24:20.987000+00:00,9428135936,6393217024,1863843840,146575360,10.866407940599299
2019-08-07 13:24:25.987000+00:00,9428135936,6392840192,1863880704,146575360,10.87001382836235
2019-08-07 13:24:30.987000+00:00,9428135936,6392967168,1863909376,146575360,10.868362939988904
2019-08-07 13:24:35.994000+00:00,9428135936,6392868864,1863946240,146575360,10.869014606452106
2019-08-07 13:24:40.987000+00:00,9428135936,6368997376,1863979008,146575360,11.12186119417445
2019-08-07 13:24:45.987000+00:00,9428135936,6368239616,1864015872,146575360,11.129507414009352
2019-08-07 13:24:50.987000+00:00,9428135936,6367952896,1864048640,146575360,11.13220096872392
2019-08-07 13:24:55.987000+00:00,9428135936,6367805440,1864085504,146575360,11.133373968357683
2019-08-07 13:25:00.987000+00:00,9428135936,6334730240,1864114176,146575360,11.483883636698554
2019-08-07 13:25:05.987000+00:00,9428135936,6333427712,1864151040,146575360,11.497307965840513
2019-08-07 13:25:10.987000+00:00,9428135936,6333235200,1864183808,146575360,11.499002298644838
2019-08-07 13:25:15.987000+00:00,9428135936,6333272064,1864224768,146575360,11.498176854458116
2019-08-07 13:25:20.987000+00:00,9428135936,6333145088,1864257536,146575360,11.499176076368359
2019-08-07 13:25:26.001000+00:00,9428135936,6308413440,1864290304,146575360,11.761145994575529
2019-08-07 13:25:30.987000+00:00,9428135936,6308413440,1864323072,146575360,11.760798439128488
2019-08-07 13:25:35.992000+00:00,9428135936,6309838848,1864359936,146575360,11.745288777304282
2019-08-07 13:25:40.987000+00:00,9428135936,6310379520,1864392704,146575360,11.739206556981063
2019-08-07 13:25:45.987000+00:00,9428135936,6274957312,1864429568,146575360,12.114522995354488
2019-08-07 13:25:50.987000+00:00,9428135936,6275084288,1864458240,146575360,12.112872106981042
2019-08-07 13:25:55.987000+00:00,9428135936,6275018752,1864495104,146575360,12.113176217997204
2019-08-07 13:26:00.987000+00:00,9428135936,6274859008,1864527872,146575360,12.114522995354488
2019-08-07 13:26:05.987000+00:00,9428135936,6250356736,1864564736,146579456,12.37397313657061
2019-08-07 13:26:10.987000+00:00,9428135936,6249127936,1864597504,146579456,12.386658910387608
2019-08-07 13:26:15.987000+00:00,9428135936,6250196992,1864634368,146583552,12.374885469619091
2019-08-07 13:26:20.987000+00:00,9428135936,6250037248,1864667136,146583552,12.376232246976377
2019-08-07 13:26:25.988000+00:00,9428135936,6215909376,1864708096,146583552,12.7377768007608
2019-08-07 13:26:30.987000+00:00,9428135936,6214672384,1864740864,146583552,12.750549463439556
2019-08-07 13:26:35.987000+00:00,9428135936,6214803456,1864777728,146583552,12.74876824177347
2019-08-07 13:26:40.987000+00:00,9428135936,6214676480,1864806400,146583552,12.749810908114595
2019-08-07 13:26:45.987000+00:00,9428135936,6194106368,1864843264,146583552,12.967597840116674
2019-08-07 13:26:50.987000+00:00,9428135936,6194073600,1864876032,146583552,12.967597840116674
2019-08-07 13:26:55.987000+00:00,9428135936,6194073600,1864912896,146583552,12.967206840238754
2019-08-07 13:27:00.987000+00:00,9428135936,6164361216,1864945664,146583552,13.282005186396159
2019-08-07 13:27:05.987000+00:00,9428135936,6163091456,1864982528,146583552,13.295081960091077
2019-08-07 13:27:10.987000+00:00,9428135936,6163091456,1865011200,146583552,13.294777849074915
2019-08-07 13:27:15.987000+00:00,9428135936,6163091456,1865048064,146583552,13.294386849196997
2019-08-07 13:27:20.987000+00:00,9428135936,6142521344,1865080832,146583552,13.512217225629955
2019-08-07 13:27:25.987000+00:00,9428135936,6142521344,1865117696,146583552,13.511826225752033
2019-08-07 13:27:30.987000+00:00,9428135936,6142648320,1865154560,146583552,13.51008844851683
2019-08-07 13:27:35.987000+00:00,9428135936,6142361600,1865187328,146583552,13.512782003231397
2019-08-07 13:27:40.987000+00:00,9428135936,6112014336,1865220096,146583552,13.83431423617522
2019-08-07 13:27:45.987000+00:00,9428135936,6111506432,1865256960,146583552,13.839310345726435
2019-08-07 13:27:50.987000+00:00,9428135936,6111727616,1865289728,146583552,13.836616791011869
2019-08-07 13:27:55.987000+00:00,9428135936,6091632640,1865326592,146583552,14.049364169031852
2019-08-07 13:28:00.987000+00:00,9428135936,6090870784,1865355264,146583552,14.057140722159398
2019-08-07 13:28:05.987000+00:00,9428135936,6090870784,1865392128,146583552,14.056749722281475
2019-08-07 13:28:10.987000+00:00,9428135936,6090997760,1865424896,146583552,14.05505538947715
2019-08-07 13:28:15.987000+00:00,9428135936,6060142592,1865461760,146583552,14.381931287419231
2019-08-07 13:28:20.987000+00:00,9428135936,6060015616,1865494528,146583552,14.382930509329475
2019-08-07 13:28:25.987000+00:00,9428135936,6060015616,1865531392,146583552,14.382539509451552
2019-08-07 13:28:30.987000+00:00,9428135936,6040080384,1865560064,146583552,14.593679443528973
2019-08-07 13:28:35.987000+00:00,9428135936,6039572480,1865596928,146583552,14.598675553080188
2019-08-07 13:28:40.987000+00:00,9428135936,6039699456,1865633792,146587648,14.596894331414104
2019-08-07 13:28:45.987000+00:00,9428135936,6039478272,1865670656,146587648,14.59884933080371
2019-08-07 13:28:50.987000+00:00,9428135936,6010433536,1865703424,146587648,14.906566234727652
2019-08-07 13:28:55.987000+00:00,9428135936,6009671680,1865736192,146587648,14.914299343424316
2019-08-07 13:29:00.987000+00:00,9428135936,6009511936,1865768960,146587648,14.9156461207816
2019-08-07 13:29:05.987000+00:00,9428135936,6009384960,1865805824,146587648,14.91660189826096
2019-08-07 13:29:10.987000+00:00,9428135936,5984243712,1865838592,146587648,15.182916259556144
2019-08-07 13:29:15.987000+00:00,9428135936,5984116736,1865875456,146587648,15.18387203703551
2019-08-07 13:29:20.987000+00:00,9428135936,5984083968,1865904128,146587648,15.18391548146639
2019-08-07 13:29:25.987000+00:00,9428135936,5961355264,1865940992,146587648,15.424597628542298
2019-08-07 13:29:30.987000+00:00,9428135936,5961068544,1865973760,146587648,15.427291183256864
2019-08-07 13:29:35.987000+00:00,9428135936,5961068544,1866010624,146587648,15.426900183378942
2019-08-07 13:29:40.987000+00:00,9428135936,5944291328,1866043392,146587648,15.604501016816904
2019-08-07 13:29:45.987000+00:00,9428135936,5944418304,1866080256,146587648,15.6027632395817
2019-08-07 13:29:50.987000+00:00,9428135936,5944164352,1866113024,146587648,15.605109238849227
2019-08-07 13:29:55.987000+00:00,9428135936,5917339648,1866149888,146587648,15.889235816805261
2019-08-07 13:30:00.987000+00:00,9428135936,5917499392,1866182656,146587648,15.887193928553895
2019-08-07 13:30:05.987000+00:00,9428135936,5917466624,1866219520,146587648,15.887150484123017
2019-08-07 13:30:10.987000+00:00,9428135936,5900324864,1866252288,146587648,16.068617871909307
2019-08-07 13:30:15.987000+00:00,9428135936,5900324864,1866285056,146587648,16.068270316462268
2019-08-07 13:30:20.987000+00:00,9428135936,5900578816,1866317824,146587648,16.06522920630066
2019-08-07 13:30:25.987000+00:00,9428135936,5873692672,1866354688,146587648,16.350007450719897
2019-08-07 13:30:30.987000+00:00,9428135936,5873532928,1866387456,146587648,16.35135422807718
2019-08-07 13:30:35.987000+00:00,9428135936,5873602560,1866424320,146587648,16.350224672874297
2019-08-07 13:30:40.987000+00:00,9428135936,5856714752,1866452992,146587648,16.529041950376904
2019-08-07 13:30:45.987000+00:00,9428135936,5856935936,1866489856,146587648,16.526304951231456
2019-08-07 13:30:50.987000+00:00,9428135936,5856935936,1866522624,146587648,16.525957395784413
2019-08-07 13:30:55.987000+00:00,9428135936,5830905856,1866563584,146591744,16.801568865287944
2019-08-07 13:31:00.987000+00:00,9428135936,5831159808,1866596352,146591744,16.798527755126333
2019-08-07 13:31:05.987000+00:00,9428135936,5830905856,1866633216,146591744,16.80083030996298
2019-08-07 13:31:10.987000+00:00,9428135936,5814620160,1866661888,146591744,16.973261256126207
2019-08-07 13:31:15.987000+00:00,9428135936,5814460416,1866698752,146591744,16.974564589052612
2019-08-07 13:31:20.987000+00:00,9428135936,5814587392,1866731520,146591744,16.97287025624829
2019-08-07 13:31:25.987000+00:00,9428135936,5787676672,1866768384,146591744,17.257909167252805
2019-08-07 13:31:30.987000+00:00,9428135936,5787549696,1866801152,146591744,17.258908389163047
2019-08-07 13:31:35.987000+00:00,9428135936,5787516928,1866833920,146591744,17.258908389163047
2019-08-07 13:31:40.987000+00:00,9428135936,5770629120,1866866688,146591744,17.437682222234773
2019-08-07 13:31:45.987000+00:00,9428135936,5770502144,1866903552,146591744,17.438637999714135
2019-08-07 13:31:50.987000+00:00,9428135936,5770629120,1866936320,146591744,17.43694366690981
2019-08-07 13:31:55.987000+00:00,9428135936,5743964160,1866973184,146591744,17.719375912061523
2019-08-07 13:32:00.987000+00:00,9428135936,5743837184,1867001856,146591744,17.720418578402644
2019-08-07 13:32:05.987000+00:00,9428135936,5740883968,1867042816,146591744,17.751307568758413
2019-08-07 13:32:10.987000+00:00,9428135936,5724090368,1867075584,146591744,17.9290821799199
2019-08-07 13:32:15.987000+00:00,9428135936,5724090368,1867112448,146591744,17.928691180041977
2019-08-07 13:32:20.987000+00:00,9428135936,5724160000,1867145216,146591744,17.927605069269973
2019-08-07 13:32:25.987000+00:00,9428135936,5697368064,1867182080,146591744,18.211384091778967
2019-08-07 13:32:30.987000+00:00,9428135936,5697335296,1867210752,146591744,18.211427536209847
2019-08-07 13:32:35.987000+00:00,9428135936,5697208320,1867247616,146591744,18.21238331368921
2019-08-07 13:32:40.987000+00:00,9428135936,5680795648,1867280384,146595840,18.386074148347962
2019-08-07 13:32:45.987000+00:00,9428135936,5680287744,1867317248,146595840,18.391070257899177
2019-08-07 13:32:50.987000+00:00,9428135936,5680414720,1867345920,146595840,18.38941936952573
2019-08-07 13:32:55.987000+00:00,9428135936,5653749760,1867382784,146595840,18.67185161467744
2019-08-07 13:33:00.987000+00:00,9428135936,5653430272,1867415552,146599936,18.674849280408168
2019-08-07 13:33:05.987000+00:00,9428135936,5653430272,1867452416,146599936,18.67445828053025
2019-08-07 13:33:10.987000+00:00,9428135936,5637812224,1867485184,146599936,18.839764340029134
2019-08-07 13:33:15.987000+00:00,9428135936,5637210112,1867526144,146599936,18.84571622705971
2019-08-07 13:33:20.987000+00:00,9428135936,5637083136,1867554816,146599936,18.846758893400832
2019-08-07 13:33:25.987000+00:00,9428135936,5610037248,1867591680,146599936,19.133231470624395
2019-08-07 13:33:30.987000+00:00,9428135936,5610131456,1867624448,146599936,19.13188469326711
2019-08-07 13:33:35.987000+00:00,9428135936,5610004480,1867661312,146599936,19.132840470746476
2019-08-07 13:33:40.987000+00:00,9428135936,5593370624,1867694080,146604032,19.30887730467275
2019-08-07 13:33:45.987000+00:00,9428135936,5600481280,1867726848,146604032,19.23311021721781
2019-08-07 13:33:50.987000+00:00,9428135936,5600194560,1867759616,146604032,19.23580377193238
2019-08-07 13:33:55.987000+00:00,9428135936,5578354688,1867796480,146604032,19.467058477507297
2019-08-07 13:34:00.987000+00:00,9428135936,5578227712,1867829248,146604032,19.46805769941754
2019-08-07 13:34:05.987000+00:00,9428135936,5578321920,1867866112,146604032,19.466667477629375
2019-08-07 13:34:10.987000+00:00,9428135936,5561434112,1867894784,146604032,19.64548475513198
2019-08-07 13:34:15.987000+00:00,9428135936,5561561088,1867931648,146604032,19.64374697789678
2019-08-07 13:34:20.987000+00:00,9428135936,5562011648,1867964416,146604032,19.638620535052922
2019-08-07 13:34:25.987000+00:00,9428135936,5535981568,1868005376,146604032,19.914275448987333
2019-08-07 13:34:30.987000+00:00,9428135936,5535948800,1868038144,146604032,19.914275448987333
2019-08-07 13:34:35.987000+00:00,9428135936,5535948800,1868075008,146604032,19.91388444910941
2019-08-07 13:34:40.987000+00:00,9428135936,5519433728,1868103680,146604032,20.088748283401927
2019-08-07 13:34:45.987000+00:00,9428135936,5518901248,1868140544,146604032,20.094005059538418
2019-08-07 13:34:50.987000+00:00,9428135936,5518774272,1868173312,146604032,20.095004281448663
2019-08-07 13:34:55.987000+00:00,9428135936,5492387840,1868210176,146604032,20.374482305300525
2019-08-07 13:35:00.987000+00:00,9428135936,5492711424,1868242944,146604032,20.370702639813953
2019-08-07 13:35:05.987000+00:00,9428135936,5492457472,1868275712,146604032,20.373048639081482
2019-08-07 13:35:10.987000+00:00,9428135936,5471506432,1868308480,146604032,20.594919347586295
2019-08-07 13:35:15.987000+00:00,9428135936,5471379456,1868345344,146604032,20.595875125065653
2019-08-07 13:35:20.987000+00:00,9428135936,5471473664,1868378112,146604032,20.594528347708373
2019-08-07 13:35:25.987000+00:00,9428135936,5448712192,1868414976,146604032,20.83555805023132
2019-08-07 13:35:30.987000+00:00,9428135936,5448712192,1868447744,146604032,20.835210494784278
2019-08-07 13:35:35.987000+00:00,9428135936,5448458240,1868484608,146604032,20.837513049620927
2019-08-07 13:35:40.987000+00:00,9428135936,5431570432,1868517376,146604032,21.01628688269265
2019-08-07 13:35:45.987000+00:00,9428135936,5431697408,1868554240,146604032,21.014549105457444
2019-08-07 13:35:50.987000+00:00,9428135936,5431283712,1868587008,146604032,21.018589437529297
2019-08-07 13:35:55.987000+00:00,9428135936,5404434432,1868623872,146604032,21.30297668207061
2019-08-07 13:36:00.987000+00:00,9428135936,5404147712,1868652544,146604032,21.305713681216062
2019-08-07 13:36:05.987000+00:00,9428135936,5404401664,1868689408,146604032,21.30262912662357
2019-08-07 13:36:10.987000+00:00,9428135936,5387100160,1868722176,146604032,21.485790847214194
2019-08-07 13:36:15.987000+00:00,9428135936,5387481088,1868759040,146604032,21.481359515264415
2019-08-07 13:36:20.987000+00:00,9428135936,5387194368,1868791808,146604032,21.484053069978987
2019-08-07 13:36:25.987000+00:00,9428135936,5361577984,1868824576,146604032,21.755406985256265
2019-08-07 13:36:30.987000+00:00,9428135936,5361577984,1868857344,146604032,21.755059429809222
2019-08-07 13:36:35.987000+00:00,9428135936,5361545216,1868894208,146604032,21.755015985378343
2019-08-07 13:36:40.987000+00:00,9428135936,5344403456,1868931072,146604032,21.936439928733755
2019-08-07 13:36:45.987000+00:00,9428135936,5344530432,1868967936,146604032,21.93470215149855
2019-08-07 13:36:50.987000+00:00,9428135936,5344116736,1868996608,146604032,21.938785928001284
2019-08-07 13:36:55.987000+00:00,9428135936,5317578752,1869033472,146604032,22.21987139579571
2019-08-07 13:37:00.987000+00:00,9428135936,5317672960,1869066240,146608128,22.218481174007547
2019-08-07 13:37:05.987000+00:00,9428135936,5317545984,1869103104,146608128,22.219436951486905
2019-08-07 13:37:10.987000+00:00,9428135936,5300658176,1869135872,146608128,22.398210784558632
2019-08-07 13:37:15.987000+00:00,9428135936,5300658176,1869172736,146608128,22.39781978468071
2019-08-07 13:37:20.987000+00:00,9428135936,5300658176,1869201408,146608128,22.39751567366455
2019-08-07 13:37:25.987000+00:00,9428135936,5273706496,1869238272,146608128,22.68298902897787
2019-08-07 13:37:30.987000+00:00,9428135936,5273870336,1869271040,146608128,22.680903696295623
2019-08-07 13:37:35.987000+00:00,9428135936,5273997312,1869307904,146608128,22.679165919060416
2019-08-07 13:37:40.987000+00:00,9428135936,5257109504,1869340672,146612224,22.857896307701264
2019-08-07 13:37:45.987000+00:00,9428135936,5256855552,1869373440,146612224,22.860242306968793
2019-08-07 13:37:50.987000+00:00,9428135936,5235777536,1869410304,146612224,23.083416348400007
2019-08-07 13:37:55.987000+00:00,9428135936,5234475008,1869447168,146612224,23.096840677541966
2019-08-07 13:38:00.987000+00:00,9428135936,5234475008,1869479936,146612224,23.096493122094923
2019-08-07 13:38:05.987000+00:00,9428135936,5225365504,1869516800,146612224,23.192722536494408
2019-08-07 13:38:10.987000+00:00,9428135936,6882242560,1869545472,146612224,5.618668245726914
2019-08-07 13:38:15.987000+00:00,9428135936,6877155328,1869631488,146612224,5.671713895831551
2019-08-07 13:38:20.987000+00:00,9428135936,6868709376,1869664256,146612224,5.7609487568593325
2019-08-07 13:38:25.987000+00:00,9428135936,6860455936,1869705216,146612224,5.8480548407739885
2019-08-07 13:38:30.987000+00:00,9428135936,6855376896,1869733888,146612224,5.901621824049186
2019-08-07 13:38:35.987000+00:00,9428135936,6820458496,1869770752,146612224,6.271594597424353
2019-08-07 13:38:40.987000+00:00,9428135936,6820442112,1869803520,146612224,6.271420819700833
2019-08-07 13:38:45.987000+00:00,9428135936,6821076992,1869840384,146612224,6.264295933036491
2019-08-07 13:38:50.987000+00:00,9428135936,6820950016,1869877248,146612224,6.265251710515855
2019-08-07 13:38:55.987000+00:00,9428135936,6783746048,1869910016,146612224,6.659509920753013
2019-08-07 13:39:00.987000+00:00,9428135936,6782570496,1869942784,146612224,6.67163091696857
2019-08-07 13:39:05.987000+00:00,9428135936,6782316544,1869979648,146612224,6.673933471805215
2019-08-07 13:39:10.987000+00:00,9428135936,6782443520,1870012416,146612224,6.67223913900089
2019-08-07 13:39:15.987000+00:00,9428135936,6782316544,1870049280,146612224,6.673194916480255
2019-08-07 13:39:20.987000+00:00,9428135936,6746128384,1870077952,146612224,7.056722352290021
2019-08-07 13:39:25.987000+00:00,9428135936,6744825856,1870114816,146612224,7.070146681431981
2019-08-07 13:39:30.987000+00:00,9428135936,6744698880,1870147584,146612224,7.071145903342224
2019-08-07 13:39:35.987000+00:00,9428135936,6744895488,1870184448,146612224,7.068669570782056
2019-08-07 13:39:40.987000+00:00,9428135936,6744895488,1870217216,146612224,7.068322015335015
2019-08-07 13:39:45.987000+00:00,9428135936,6710992896,1870249984,146612224,7.42756401428279
2019-08-07 13:39:50.987000+00:00,9428135936,6710865920,1870282752,146612224,7.428563236193034
2019-08-07 13:39:55.987000+00:00,9428135936,6710865920,1870323712,146612224,7.428128791884232
2019-08-07 13:40:00.987000+00:00,9428135936,6710706176,1870356480,146612224,7.429475569241517
2019-08-07 13:40:05.987000+00:00,9428135936,6710706176,1870393344,146616320,7.4290411249327155
2019-08-07 13:40:10.987000+00:00,9428135936,6671310848,1870422016,146616320,7.846585550121622
2019-08-07 13:40:15.987000+00:00,9428135936,6671310848,1870458880,146616320,7.846194550243702
2019-08-07 13:40:20.987000+00:00,9428135936,6671278080,1870491648,146616320,7.846194550243702
2019-08-07 13:40:25.987000+00:00,9428135936,6671151104,1870528512,146616320,7.847150327723064
2019-08-07 13:40:30.987000+00:00,9428135936,6671245312,1870561280,146616320,7.845803550365781
2019-08-07 13:40:35.987000+00:00,9428135936,6637469696,1870598144,146616320,8.203655327525391
2019-08-07 13:40:40.987000+00:00,9428135936,6637056000,1870626816,146616320,8.207739104028123
2019-08-07 13:40:45.987000+00:00,9428135936,6636802048,1870663680,146616320,8.210041658864771
2019-08-07 13:40:50.987000+00:00,9428135936,6636548096,1870696448,146616320,8.212387658132297
2019-08-07 13:40:55.987000+00:00,9428135936,6600486912,1870733312,146616320,8.59448142772302
2019-08-07 13:41:00.987000+00:00,9428135936,6598963200,1870766080,146616320,8.610295200563387
2019-08-07 13:41:05.987000+00:00,9428135936,6599024640,1870802944,146616320,8.609252534222264
2019-08-07 13:41:10.987000+00:00,9428135936,6599094272,1870835712,146616320,8.608166423450262
2019-08-07 13:41:15.987000+00:00,9428135936,6599127040,1870872576,146616320,8.6074278681253
2019-08-07 13:41:20.987000+00:00,9428135936,6569598976,1870905344,146616320,8.920271214893098
2019-08-07 13:41:25.987000+00:00,9428135936,6568398848,1870942208,146616320,8.932609433263055
2019-08-07 13:41:30.987000+00:00,9428135936,6568271872,1870970880,146616320,8.933652099604178
2019-08-07 13:41:35.987000+00:00,9428135936,6568366080,1871007744,146616320,8.932261877816014
2019-08-07 13:41:40.987000+00:00,9428135936,6568079360,1871040512,146616320,8.934955432530582
2019-08-07 13:41:45.987000+00:00,9428135936,6526717952,1871077376,146616320,9.373266295680189
2019-08-07 13:41:50.987000+00:00,9428135936,6526779392,1871110144,146616320,9.372267073769947
2019-08-07 13:41:55.987000+00:00,9428135936,6526779392,1871147008,146616320,9.371876073892025
2019-08-07 13:42:00.987000+00:00,9428135936,6526365696,1871175680,146616320,9.375959850394757
2019-08-07 13:42:05.987000+00:00,9428135936,6526492672,1871212544,146616320,9.374222073159553
2019-08-07 13:42:10.987000+00:00,9428135936,6497796096,1871249408,146616320,9.678202756027806
2019-08-07 13:42:15.987000+00:00,9428135936,6497542144,1871286272,146616320,9.680505310864453
2019-08-07 13:42:20.987000+00:00,9428135936,6497636352,1871319040,146616320,9.679158533507168
2019-08-07 13:42:25.987000+00:00,9428135936,6497509376,1871351808,146616320,9.680157755417412
2019-08-07 13:42:30.987000+00:00,9428135936,6497636352,1871384576,146616320,9.678463422613087
2019-08-07 13:42:35.987000+00:00,9428135936,6456844288,1871421440,146616320,10.110735509870358
2019-08-07 13:42:40.987000+00:00,9428135936,6456971264,1871454208,146616320,10.109041177066032
2019-08-07 13:42:45.987000+00:00,9428135936,6457135104,1871491072,146620416,10.106868955522026
2019-08-07 13:42:50.987000+00:00,9428135936,6457135104,1871519744,146620416,10.106564844505865
2019-08-07 13:42:55.987000+00:00,9428135936,6432247808,1871556608,146620416,10.3701422066556
2019-08-07 13:43:00.987000+00:00,9428135936,6431993856,1871589376,146620416,10.372488205923126
2019-08-07 13:43:05.987000+00:00,9428135936,6432215040,1871626240,146620416,10.369751206777678
2019-08-07 13:43:10.987000+00:00,9428135936,6431707136,1871659008,146620416,10.374790760759774
2019-08-07 13:43:15.987000+00:00,9428135936,6397550592,1871695872,146620416,10.736682869991238
2019-08-07 13:43:20.987000+00:00,9428135936,6395310080,1871728640,146620416,10.760099418235626
2019-08-07 13:43:25.987000+00:00,9428135936,6395183104,1871765504,146620416,10.761055195714988
2019-08-07 13:43:30.987000+00:00,9428135936,6395310080,1871798272,146620416,10.759360862910663
2019-08-07 13:43:35.987000+00:00,9428135936,6371057664,1871835136,146620416,11.016204338273978
2019-08-07 13:43:40.987000+00:00,9428135936,6371106816,1871867904,146620416,11.015335449656376
2019-08-07 13:43:45.987000+00:00,9428135936,6371741696,1871900672,146620416,11.008254007422916
2019-08-07 13:43:50.987000+00:00,9428135936,6371549184,1871933440,146620416,11.009948340227242
2019-08-07 13:43:55.987000+00:00,9428135936,6340820992,1871970304,146620416,11.335477460812038
2019-08-07 13:44:00.987000+00:00,9428135936,6337138688,1872003072,146620416,11.374186448726231
2019-08-07 13:44:05.987000+00:00,9428135936,6337589248,1872039936,146620416,11.369016561451497
2019-08-07 13:44:10.987000+00:00,9428135936,6337429504,1872068608,146620416,11.37040678323966
2019-08-07 13:44:15.987000+00:00,9428135936,6337302528,1872105472,146620416,11.371362560719023
2019-08-07 13:44:20.987000+00:00,9428135936,6312828928,1872138240,146620416,11.630595479780744
2019-08-07 13:44:25.987000+00:00,9428135936,6312321024,1872175104,146620416,11.635591589331959
2019-08-07 13:44:30.987000+00:00,9428135936,6312669184,1872211968,146620416,11.631507812829227
2019-08-07 13:44:35.987000+00:00,9428135936,6312542208,1872248832,146620416,11.632463590308591
2019-08-07 13:44:40.987000+00:00,9428135936,6277083136,1872277504,146620416,12.008257917421695
2019-08-07 13:44:45.987000+00:00,9428135936,6277083136,1872314368,146620416,12.007866917543772
2019-08-07 13:44:50.987000+00:00,9428135936,6276956160,1872347136,146620416,12.008866139454016
2019-08-07 13:44:55.987000+00:00,9428135936,6276923392,1872384000,146620416,12.008822695023136
2019-08-07 13:45:00.987000+00:00,9428135936,6252924928,1872416768,146620416,12.263016060102764
2019-08-07 13:45:05.987000+00:00,9428135936,6252163072,1872449536,146620416,12.270749168799426
2019-08-07 13:45:10.987000+00:00,9428135936,6251876352,1872482304,146620416,12.273442723513995
2019-08-07 13:45:15.987000+00:00,9428135936,6251749376,1872519168,146620416,12.274398500993357
2019-08-07 13:45:20.987000+00:00,9428135936,6217814016,1872551936,146620416,12.633988055388173
2019-08-07 13:45:25.987000+00:00,9428135936,6216671232,1872588800,146620416,12.645718051725808
2019-08-07 13:45:30.987000+00:00,9428135936,6216511488,1872617472,146620416,12.647108273513972
2019-08-07 13:45:35.987000+00:00,9428135936,6217400320,1872654336,146620416,12.637289832135062
2019-08-07 13:45:40.987000+00:00,9428135936,6197592064,1872691200,146620416,12.84699609999344
2019-08-07 13:45:45.987000+00:00,9428135936,6197661696,1872728064,146620416,12.845866544790557
2019-08-07 13:45:50.987000+00:00,9428135936,6197661696,1872760832,146620416,12.845518989343516
2019-08-07 13:45:55.987000+00:00,9428135936,6197661696,1872793600,146620416,12.845171433896475
2019-08-07 13:46:00.987000+00:00,9428135936,6166867968,1872826368,146620416,13.171439109806233
2019-08-07 13:46:05.987000+00:00,9428135936,6166614016,1872863232,146620416,13.173741664642879
2019-08-07 13:46:10.987000+00:00,9428135936,6166487040,1872896000,146620416,13.174740886553124
2019-08-07 13:46:15.987000+00:00,9428135936,6146899968,1872932864,146620416,13.382101155143971
2019-08-07 13:46:20.987000+00:00,9428135936,6146265088,1872961536,146620416,13.38853093091423
2019-08-07 13:46:25.987000+00:00,9428135936,6146772992,1872998400,146620416,13.382752821607175
2019-08-07 13:46:30.987000+00:00,9428135936,6146740224,1873031168,146620416,13.382752821607175
2019-08-07 13:46:35.987000+00:00,9428135936,6115758080,1873068032,146620416,13.710975496906538
2019-08-07 13:46:40.987000+00:00,9428135936,6115852288,1873100800,146620416,13.709628719549254
2019-08-07 13:46:45.987000+00:00,9428135936,6115758080,1873137664,146620416,13.710236941581577
2019-08-07 13:46:50.987000+00:00,9428135936,6095917056,1873170432,146620416,13.920334209317875
2019-08-07 13:46:55.987000+00:00,9428135936,6095409152,1873207296,146620416,13.92533031886909
2019-08-07 13:47:00.987000+00:00,9428135936,6095028224,1873240064,146620416,13.9290230954939
2019-08-07 13:47:05.987000+00:00,9428135936,6094995456,1873276928,146620416,13.92897965106302
2019-08-07 13:47:10.987000+00:00,9428135936,6064205824,1873309696,146620416,14.255203882541897
2019-08-07 13:47:15.987000+00:00,9428135936,6064431104,1873342464,146620416,14.25246688339645
2019-08-07 13:47:20.987000+00:00,9428135936,6064177152,1873375232,146620416,14.254812882663979
2019-08-07 13:47:25.987000+00:00,9428135936,6064431104,1873412096,146620416,14.25172832807149
2019-08-07 13:47:30.987000+00:00,9428135936,6044368896,1873444864,146620416,14.464171595075312
2019-08-07 13:47:35.987000+00:00,9428135936,6043734016,1873481728,146620416,14.470514481983813
2019-08-07 13:47:40.987000+00:00,9428135936,6043607040,1873510400,146624512,14.471513703894054
2019-08-07 13:47:45.987000+00:00,9428135936,6014496768,1873547264,146624512,14.779882274281201
2019-08-07 13:47:50.987000+00:00,9428135936,6013448192,1873580032,146624512,14.790656493139473
2019-08-07 13:47:55.987000+00:00,9428135936,6013575168,1873620992,146624512,14.788875271473387
2019-08-07 13:48:00.987000+00:00,9428135936,6013796352,1873653760,146624512,14.78618171675882
2019-08-07 13:48:05.987000+00:00,9428135936,5988401152,1873690624,146624512,15.05514618833769
2019-08-07 13:48:10.987000+00:00,9428135936,5988401152,1873719296,146624512,15.054842077321528
2019-08-07 13:48:15.987000+00:00,9428135936,5988495360,1873756160,146624512,15.053451855533364
2019-08-07 13:48:20.987000+00:00,9428135936,5965639680,1873788928,146624512,15.295524224397436
2019-08-07 13:48:25.987000+00:00,9428135936,5965512704,1873825792,146624512,15.2964800018768
2019-08-07 13:48:30.987000+00:00,9428135936,5965512704,1873858560,146628608,15.296089001998878
2019-08-07 13:48:35.987000+00:00,9428135936,5949227008,1873891328,146628608,15.468476503731225
2019-08-07 13:48:40.987000+00:00,9428135936,5948465152,1873924096,146628608,15.476209612427889
2019-08-07 13:48:45.987000+00:00,9428135936,5950566400,1873960960,146628608,15.453531619508462
2019-08-07 13:48:50.987000+00:00,9428135936,5923831808,1873993728,146628608,15.736745864416013
2019-08-07 13:48:55.987000+00:00,9428135936,5923323904,1874030592,146628608,15.741741973967226
2019-08-07 13:49:00.987000+00:00,9428135936,5923450880,1874059264,146628608,15.740091085593782
2019-08-07 13:49:05.987000+00:00,9428135936,5907197952,1874100224,146628608,15.91204414301733
2019-08-07 13:49:10.987000+00:00,9428135936,5906563072,1874132992,146628608,15.918430474356708
2019-08-07 13:49:15.987000+00:00,9428135936,5906759680,1874169856,146628608,15.91595414179654
2019-08-07 13:49:20.987000+00:00,9428135936,5880094720,1874202624,146628608,16.19842983137913
2019-08-07 13:49:25.987000+00:00,9428135936,5879967744,1874239488,146628608,16.199385608858492
2019-08-07 13:49:30.987000+00:00,9428135936,5879775232,1874268160,146628608,16.2011233860937
2019-08-07 13:49:35.987000+00:00,9428135936,5862887424,1874305024,146628608,16.379853774734542
2019-08-07 13:49:40.987000+00:00,9428135936,5863014400,1874337792,146628608,16.37815944193022
2019-08-07 13:49:45.993000+00:00,9428135936,5862600704,1874374656,146628608,16.382156329571192
2019-08-07 13:49:50.987000+00:00,9428135936,5835554816,1874407424,146628608,16.668672351225634
2019-08-07 13:49:55.987000+00:00,9428135936,5834665984,1874440192,146632704,16.6777087928487
2019-08-07 13:50:00.987000+00:00,9428135936,5835014144,1874472960,146632704,16.673668460776845
2019-08-07 13:50:05.987000+00:00,9428135936,5818761216,1874509824,146632704,16.845664962631275
2019-08-07 13:50:10.987000+00:00,9428135936,5818380288,1874542592,146632704,16.84935773925608
2019-08-07 13:50:15.987000+00:00,9428135936,5818347520,1874583552,146632704,16.849270850394323
2019-08-07 13:50:20.987000+00:00,9428135936,5791555584,1874612224,146632704,17.133136761765076
2019-08-07 13:50:25.987000+00:00,9428135936,5791301632,1874649088,146632704,17.135439316601726
2019-08-07 13:50:30.987000+00:00,9428135936,5791268864,1874681856,146632704,17.135439316601726
2019-08-07 13:50:35.987000+00:00,9428135936,5774508032,1874718720,146632704,17.312822927885286
2019-08-07 13:50:40.987000+00:00,9428135936,5774577664,1874751488,146632704,17.31173681711328
2019-08-07 13:50:45.987000+00:00,9428135936,5774831616,1874788352,146632704,17.308652262520795
2019-08-07 13:50:50.987000+00:00,9428135936,5747625984,1874817024,146632704,17.59690606141044
2019-08-07 13:50:55.987000+00:00,9428135936,5747752960,1874853888,146632704,17.595168284175237
2019-08-07 13:51:00.987000+00:00,9428135936,5744926720,1874886656,146632704,17.624797386035482
2019-08-07 13:51:05.987000+00:00,9428135936,5728546816,1874923520,146632704,17.798140665247193
2019-08-07 13:51:10.987000+00:00,9428135936,5728165888,1874956288,146632704,17.801833441872002
2019-08-07 13:51:15.987000+00:00,9428135936,5728006144,1874989056,146632704,17.803180219229287
2019-08-07 13:51:20.987000+00:00,9428135936,5701468160,1875021824,146632704,18.084309131454592
2019-08-07 13:51:25.987000+00:00,9428135936,5701341184,1875062784,146632704,18.085221464503075
2019-08-07 13:51:30.987000+00:00,9428135936,5701156864,1875095552,146632704,18.08682890844564
2019-08-07 13:51:35.987000+00:00,9428135936,5684293632,1875132416,146636800,18.265255186070327
2019-08-07 13:51:40.987000+00:00,9428135936,5684260864,1875161088,146636800,18.265298630501206
2019-08-07 13:51:45.987000+00:00,9428135936,5684006912,1875197952,146636800,18.267601185337853
2019-08-07 13:51:50.987000+00:00,9428135936,5657468928,1875230720,146636800,18.54873009756316
2019-08-07 13:51:55.987000+00:00,9428135936,5657088000,1875267584,146636800,18.55237942975709
2019-08-07 13:52:00.987000+00:00,9428135936,5657088000,1875300352,146636800,18.55203187431005
2019-08-07 13:52:05.987000+00:00,9428135936,5640962048,1875337216,146636800,18.72268159880719
2019-08-07 13:52:10.987000+00:00,9428135936,5640835072,1875365888,146636800,18.723724265148313
2019-08-07 13:52:15.987000+00:00,9428135936,5640998912,1875402752,146636800,18.721595488035188
2019-08-07 13:52:20.987000+00:00,9428135936,5614047232,1875435520,146636800,19.007112287779385
2019-08-07 13:52:25.987000+00:00,9428135936,5614174208,1875472384,146636800,19.005374510544183
2019-08-07 13:52:30.987000+00:00,9428135936,5613920256,1875505152,146636800,19.00772050981171
2019-08-07 13:52:35.987000+00:00,9428135936,5597159424,1875542016,146636800,19.18510412109527
2019-08-07 13:52:40.987000+00:00,9428135936,5596839936,1875574784,146636800,19.18814523125688
2019-08-07 13:52:45.987000+00:00,9428135936,5596966912,1875611648,146636800,19.186407454021673
2019-08-07 13:52:50.987000+00:00,9428135936,5570166784,1875644416,146636800,19.470316809823306
2019-08-07 13:52:55.987000+00:00,9428135936,5570048000,1875681280,146636800,19.47118569844091
2019-08-07 13:53:00.987000+00:00,9428135936,5570015232,1875709952,146636800,19.471229142871792
2019-08-07 13:53:05.987000+00:00,9428135936,5553254400,1875746816,146636800,19.64861275415535
2019-08-07 13:53:10.987000+00:00,9428135936,5553221632,1875779584,146636800,19.64861275415535
2019-08-07 13:53:15.987000+00:00,9428135936,5553094656,1875816448,146636800,19.649568531634714
2019-08-07 13:53:20.990000+00:00,9428135936,5527318528,1875849216,146636800,19.922616779716318
2019-08-07 13:53:25.987000+00:00,9428135936,5527191552,1875881984,146636800,19.92361600162656
2019-08-07 13:53:30.987000+00:00,9428135936,5527031808,1875914752,146636800,19.924962778983843
2019-08-07 13:53:35.987000+00:00,9428135936,5510594560,1875951616,146636800,20.098914280227874
2019-08-07 13:53:40.987000+00:00,9428135936,5510434816,1875988480,146636800,20.10021761315428
2019-08-07 13:53:45.987000+00:00,9428135936,5510434816,1876025344,146636800,20.09982661327636
2019-08-07 13:53:50.987000+00:00,9428135936,5483896832,1876054016,146636800,20.38099896993254
2019-08-07 13:53:55.987000+00:00,9428135936,5484150784,1876090880,146636800,20.377914415340054
2019-08-07 13:54:00.987000+00:00,9428135936,5484023808,1876123648,146636800,20.3789136372503
2019-08-07 13:54:05.987000+00:00,9428135936,5464150016,1876160512,146636800,20.589315016002757
2019-08-07 13:54:10.987000+00:00,9428135936,5462880256,1876193280,146636800,20.602435234128556
2019-08-07 13:54:15.987000+00:00,9428135936,5462720512,1876230144,146636800,20.603738567054958
2019-08-07 13:54:20.987000+00:00,9428135936,5441388544,1876258816,146636800,20.829693052062503
2019-08-07 13:54:25.987000+00:00,9428135936,5439959040,1876295680,146636800,20.844464158561745
2019-08-07 13:54:30.987000+00:00,9428135936,5439832064,1876328448,146636800,20.84546338047199
2019-08-07 13:54:35.987000+00:00,9428135936,5424340992,1876365312,146636800,21.009379218182712
2019-08-07 13:54:40.987000+00:00,9428135936,5423325184,1876398080,146636800,21.019805881593943
2019-08-07 13:54:45.987000+00:00,9428135936,5422436352,1876434944,146636800,21.02884232321701
2019-08-07 13:54:50.987000+00:00,9428135936,5396951040,1876467712,146636800,21.29880601670612
2019-08-07 13:54:55.987000+00:00,9428135936,5395902464,1876504576,146636800,21.309536791133514
2019-08-07 13:55:00.987000+00:00,9428135936,5395902464,1876537344,146636800,21.30918923568647
2019-08-07 13:55:05.987000+00:00,9428135936,5380284416,1876574208,146636800,21.474451850754477
2019-08-07 13:55:10.987000+00:00,9428135936,5378981888,1876602880,146640896,21.48791962432732
2019-08-07 13:55:15.987000+00:00,9428135936,5378727936,1876639744,146640896,21.490222179163965
2019-08-07 13:55:20.987000+00:00,9428135936,5353172992,1876672512,146640896,21.76092442797804
2019-08-07 13:55:25.987000+00:00,9428135936,5352189952,1876709376,146640896,21.77096009151135
2019-08-07 13:55:30.987000+00:00,9428135936,5351997440,1876742144,146644992,21.772610979884792
2019-08-07 13:55:35.987000+00:00,9428135936,5335617536,1876779008,146644992,21.945954259096503
2019-08-07 13:55:40.987000+00:00,9428135936,5334601728,1876807680,146644992,21.956424366938617
2019-08-07 13:55:45.987000+00:00,9428135936,5334220800,1876844544,146644992,21.960073699132547
2019-08-07 13:55:50.987000+00:00,9428135936,5308825600,1876877312,146644992,22.229081615142295
2019-08-07 13:55:55.987000+00:00,9428135936,5307617280,1876918272,146644992,22.241463277943133
2019-08-07 13:56:00.987000+00:00,9428135936,5307617280,1876951040,146644992,22.24111572249609
2019-08-07 13:56:05.987000+00:00,9428135936,5291999232,1876983808,146644992,22.406421781994975
2019-08-07 13:56:10.987000+00:00,9428135936,5290926080,1877016576,146644992,22.41745666743853
2019-08-07 13:56:15.987000+00:00,9428135936,5291053056,1877053440,146644992,22.415718890203323
2019-08-07 13:56:20.987000+00:00,9428135936,5265371136,1877086208,146644992,22.687767916374685
2019-08-07 13:56:25.987000+00:00,9428135936,5264609280,1877123072,146644992,22.695457580640465
2019-08-07 13:56:30.987000+00:00,9428135936,5264195584,1877151744,146644992,22.6995413571432
2019-08-07 13:56:35.987000+00:00,9428135936,5248577536,1877188608,146644992,22.864803972211202
2019-08-07 13:56:40.987000+00:00,9428135936,5247688704,1877221376,146644992,22.873883858265152
2019-08-07 13:56:45.987000+00:00,9428135936,5247909888,1877258240,146644992,22.871146859119705
2019-08-07 13:56:50.987000+00:00,9428135936,5225435136,1877291008,146644992,23.10917889591192
2019-08-07 13:56:55.987000+00:00,9428135936,5225181184,1877327872,146644992,23.11148145074857
2019-08-07 13:57:00.987000+00:00,9428135936,5216292864,1877356544,146644992,23.205451754742285
2019-08-07 13:57:05.987000+00:00,9428135936,6873972736,1877397504,146644992,5.622752022229646
2019-08-07 13:57:10.987000+00:00,9428135936,6869266432,1877479424,146644992,5.6718007846933105
2019-08-07 13:57:15.987000+00:00,9428135936,6861139968,1877512192,146644992,5.757646980112443
2019-08-07 13:57:20.987000+00:00,9428135936,6851616768,1877544960,146649088,5.858264282030818
2019-08-07 13:57:25.987000+00:00,9428135936,6848188416,1877581824,146649088,5.894236270799564
2019-08-07 13:57:30.987000+00:00,9428135936,6812094464,1877614592,146649088,6.2767210402682085
2019-08-07 13:57:35.987000+00:00,9428135936,6812426240,1877651456,146649088,6.272811041488997
2019-08-07 13:57:40.987000+00:00,9428135936,6812299264,1877680128,146649088,6.27385370783012
2019-08-07 13:57:45.987000+00:00,9428135936,6812680192,1877716992,146649088,6.269422375880347
2019-08-07 13:57:50.989000+00:00,9428135936,6804115456,1877749760,146649088,6.359917125403652
2019-08-07 13:57:55.987000+00:00,9428135936,6774403072,1877786624,146649088,6.674672027130178
2019-08-07 13:58:00.987000+00:00,9428135936,6774370304,1877819392,146649088,6.674672027130178
2019-08-07 13:58:05.987000+00:00,9428135936,6774497280,1877860352,146649088,6.672890805464093
2019-08-07 13:58:10.987000+00:00,9428135936,6774370304,1877889024,146649088,6.673933471805215
2019-08-07 13:58:15.987000+00:00,9428135936,6737895424,1877925888,146649088,7.060415128914832
2019-08-07 13:58:20.987000+00:00,9428135936,6736846848,1877958656,146649088,7.071189347773103
2019-08-07 13:58:25.987000+00:00,9428135936,6736244736,1877995520,146649088,7.077184679234562
2019-08-07 13:58:30.987000+00:00,9428135936,6736052224,1878024192,146649088,7.078922456469766
2019-08-07 13:58:35.987000+00:00,9428135936,6736179200,1878061056,146649088,7.077184679234562
2019-08-07 13:58:40.987000+00:00,9428135936,6702911488,1878093824,146649088,7.429692791395917
2019-08-07 13:58:45.987000+00:00,9428135936,6702403584,1878130688,146649088,7.434688900947132
2019-08-07 13:58:50.987000+00:00,9428135936,6701928448,1878163456,146649088,7.4393808994821855
2019-08-07 13:58:55.987000+00:00,9428135936,6701768704,1878200320,146649088,7.440684232408589
2019-08-07 13:59:00.987000+00:00,9428135936,6701641728,1878228992,146649088,7.441726898749712
2019-08-07 13:59:05.987000+00:00,9428135936,6662627328,1878265856,146649088,7.855144103005007
2019-08-07 13:59:10.987000+00:00,9428135936,6662373376,1878302720,146649088,7.857446657841654
2019-08-07 13:59:15.987000+00:00,9428135936,6662373376,1878339584,146649088,7.857055657963734
2019-08-07 13:59:20.987000+00:00,9428135936,6662373376,1878372352,146649088,7.856708102516692
2019-08-07 13:59:25.987000+00:00,9428135936,6662246400,1878405120,146649088,7.8577073244269355
2019-08-07 13:59:30.987000+00:00,9428135936,6628388864,1878437888,146649088,8.216471434635029
2019-08-07 13:59:35.987000+00:00,9428135936,6628585472,1878474752,146649088,8.213995102074863
2019-08-07 13:59:40.987000+00:00,9428135936,6627950592,1878507520,146649088,8.220381433414241
2019-08-07 13:59:45.987000+00:00,9428135936,6627696640,1878544384,146649088,8.222683988250887
2019-08-07 13:59:50.987000+00:00,9428135936,6627569664,1878573056,146649088,8.223726654592012
2019-08-07 13:59:55.987000+00:00,9428135936,6590365696,1878609920,146653184,8.617897975967411
2019-08-07 14:00:00.987000+00:00,9428135936,6590365696,1878642688,146653184,8.617550420520368
2019-08-07 14:00:05.987000+00:00,9428135936,6589693952,1878679552,146653184,8.62428430730679
2019-08-07 14:00:10.987000+00:00,9428135936,6590779392,1878712320,146653184,8.612423977676514
2019-08-07 14:00:15.987000+00:00,9428135936,6560997376,1878749184,146653184,8.927917434728002
2019-08-07 14:00:20.987000+00:00,9428135936,6560362496,1878781952,146653184,8.93430376606738
2019-08-07 14:00:25.987000+00:00,9428135936,6559760384,1878818816,146653184,8.940299097528838
2019-08-07 14:00:30.987000+00:00,9428135936,6559760384,1878851584,146653184,8.939951542081797
2019-08-07 14:00:35.987000+00:00,9428135936,6559346688,1878888448,146653184,8.943948429722768
2019-08-07 14:00:40.987000+00:00,9428135936,6519513088,1878921216,146653184,9.366097964584968
2019-08-07 14:00:45.987000+00:00,9428135936,6518497280,1878953984,146653184,9.376524627996199
2019-08-07 14:00:50.987000+00:00,9428135936,6518497280,1878986752,146653184,9.376177072549158
2019-08-07 14:00:55.987000+00:00,9428135936,6518370304,1879023616,146653184,9.377132850028522
2019-08-07 14:01:00.987000+00:00,9428135936,6518116352,1879056384,146653184,9.379478849296047
2019-08-07 14:01:05.987000+00:00,9428135936,6489260032,1879093248,146657280,9.685110420537747
2019-08-07 14:01:10.987000+00:00,9428135936,6489194496,1879121920,146657280,9.685501420415669
2019-08-07 14:01:15.987000+00:00,9428135936,6489296896,1879158784,146657280,9.684024309765743
2019-08-07 14:01:20.987000+00:00,9428135936,6489194496,1879191552,146657280,9.684762865090706
2019-08-07 14:01:25.987000+00:00,9428135936,6488940544,1879228416,146657280,9.687065419927352
2019-08-07 14:01:30.987000+00:00,9428135936,6448689152,1879265280,146657280,10.113602842308445
2019-08-07 14:01:35.987000+00:00,9428135936,6448562176,1879302144,146657280,10.11455861978781
2019-08-07 14:01:40.987000+00:00,9428135936,6448308224,1879330816,146657280,10.116948063486216
2019-08-07 14:01:45.987000+00:00,9428135936,6448435200,1879367680,146657280,10.115210286251012
2019-08-07 14:01:50.987000+00:00,9428135936,6423515136,1879400448,146657280,10.379178648278668
2019-08-07 14:01:55.987000+00:00,9428135936,6423515136,1879437312,146657280,10.378787648400746
2019-08-07 14:02:00.987000+00:00,9428135936,6423388160,1879470080,146657280,10.379786870310987
2019-08-07 14:02:05.987000+00:00,9428135936,6423404544,1879502848,146657280,10.379265537140427
2019-08-07 14:02:10.987000+00:00,9428135936,6389215232,1879535616,146657280,10.74154864624981
2019-08-07 14:02:15.987000+00:00,9428135936,6388232192,1879572480,146657280,10.751584309783121
2019-08-07 14:02:20.987000+00:00,9428135936,6388199424,1879605248,146657280,10.751584309783121
2019-08-07 14:02:25.987000+00:00,9428135936,6388072448,1879642112,146657280,10.752540087262483
2019-08-07 14:02:30.987000+00:00,9428135936,6364270592,1879670784,146665472,11.004604675228984
2019-08-07 14:02:35.987000+00:00,9428135936,6364016640,1879707648,146665472,11.00690723006563
2019-08-07 14:02:40.987000+00:00,9428135936,6363254784,1879744512,146665472,11.014596894331415
2019-08-07 14:02:45.987000+00:00,9428135936,6363381760,1879781376,146665472,11.012859117096209
2019-08-07 14:02:50.987000+00:00,9428135936,6363222016,1879814144,146665472,11.014205894453493
2019-08-07 14:02:55.987000+00:00,9428135936,6328938496,1879851008,146665472,11.377444781042241
2019-08-07 14:03:00.987000+00:00,9428135936,6328778752,1879879680,146665472,11.378835002830405
2019-08-07 14:03:05.987000+00:00,9428135936,6328651776,1879916544,146665472,11.379790780309767
2019-08-07 14:03:10.987000+00:00,9428135936,6328524800,1879949312,146665472,11.38079000222001
2019-08-07 14:03:15.987000+00:00,9428135936,6304018432,1879986176,146665472,11.640327032297893
2019-08-07 14:03:20.987000+00:00,9428135936,6303764480,1880018944,146665472,11.64267303156542
2019-08-07 14:03:25.987000+00:00,9428135936,6303985664,1880051712,146665472,11.639979476850852
2019-08-07 14:03:30.987000+00:00,9428135936,6303731712,1880084480,146665472,11.642325476118378
2019-08-07 14:03:35.987000+00:00,9428135936,6268432384,1880121344,146665472,12.016338581565398
2019-08-07 14:03:40.987000+00:00,9428135936,6268526592,1880154112,146665472,12.014991804208114
2019-08-07 14:03:45.987000+00:00,9428135936,6268239872,1880195072,146665472,12.017598470060923
2019-08-07 14:03:50.987000+00:00,9428135936,6268366848,1880223744,146665472,12.015947581687477
2019-08-07 14:03:55.987000+00:00,9428135936,6244106240,1880260608,146665472,12.272877945912553
2019-08-07 14:04:00.987000+00:00,9428135936,6243344384,1880293376,146665472,12.280611054609215
2019-08-07 14:04:05.987000+00:00,9428135936,6243344384,1880330240,146665472,12.280220054731295
2019-08-07 14:04:10.987000+00:00,9428135936,6243311616,1880363008,146665472,12.280220054731295
2019-08-07 14:04:15.987000+00:00,9428135936,6209662976,1880399872,146665472,12.63672505453362
2019-08-07 14:04:20.987000+00:00,9428135936,6208208896,1880428544,146665472,12.651843716479908
2019-08-07 14:04:25.987000+00:00,9428135936,6208430080,1880465408,146665472,12.649106717334458
2019-08-07 14:04:30.987000+00:00,9428135936,6208032768,1880498176,146665472,12.652973271682791
2019-08-07 14:04:35.987000+00:00,9428135936,6188224512,1880535040,146665472,12.862679539541165
2019-08-07 14:04:40.987000+00:00,9428135936,6187589632,1880567808,146665472,12.869065870880544
2019-08-07 14:04:45.987000+00:00,9428135936,6187302912,1880600576,146669568,12.871715981164233
2019-08-07 14:04:50.987000+00:00,9428135936,6187175936,1880633344,146669568,12.872715203074476
2019-08-07 14:04:55.987000+00:00,9428135936,6156320768,1880674304,146669568,13.199547656585676
2019-08-07 14:05:00.987000+00:00,9428135936,6156668928,1880707072,146669568,13.195507324513825
2019-08-07 14:05:05.987000+00:00,9428135936,6156382208,1880743936,146673664,13.19811399036663
2019-08-07 14:05:10.987000+00:00,9428135936,6136446976,1880772608,146673664,13.409253924444053
2019-08-07 14:05:15.987000+00:00,9428135936,6135939072,1880809472,146673664,13.414250033995268
2019-08-07 14:05:20.987000+00:00,9428135936,6135644160,1880842240,146673664,13.417030477571595
2019-08-07 14:05:25.987000+00:00,9428135936,6135779328,1880879104,146673664,13.415205811474628
2019-08-07 14:05:30.987000+00:00,9428135936,6104993792,1880911872,146673664,13.74138659852263
2019-08-07 14:05:35.987000+00:00,9428135936,6105374720,1880948736,146677760,13.736911822141975
2019-08-07 14:05:40.987000+00:00,9428135936,6106865664,1880977408,146677760,13.720793938285446
2019-08-07 14:05:45.987000+00:00,9428135936,6106832896,1881014272,146677760,13.720750493854569
2019-08-07 14:05:50.987000+00:00,9428135936,6086389760,1881047040,146677760,13.937234092930245
2019-08-07 14:05:55.987000+00:00,9428135936,6086356992,1881083904,146677760,13.937190648499364
2019-08-07 14:06:00.987000+00:00,9428135936,6086230016,1881112576,146677760,13.938233314840486
2019-08-07 14:06:05.987000+00:00,9428135936,6055071744,1881153536,146677760,14.268280656236817
2019-08-07 14:06:10.987000+00:00,9428135936,6054277120,1881186304,146677760,14.27636132038052
2019-08-07 14:06:15.987000+00:00,9428135936,6054055936,1881223168,146677760,14.278316319770127
2019-08-07 14:06:20.987000+00:00,9428135936,6054023168,1881255936,146681856,14.278272875339246
2019-08-07 14:06:25.987000+00:00,9428135936,6033707008,1881292800,146681856,14.493366252626757
2019-08-07 14:06:30.987000+00:00,9428135936,6034214912,1881321472,146681856,14.487675032181462
2019-08-07 14:06:35.987000+00:00,9428135936,6034120704,1881358336,146681856,14.488283254213785
2019-08-07 14:06:40.987000+00:00,9428135936,6005424128,1881391104,146681856,14.792307381512918
2019-08-07 14:06:45.987000+00:00,9428135936,6004248576,1881427968,146685952,14.804341488866712
2019-08-07 14:06:50.987000+00:00,9428135936,6004121600,1881460736,146685952,14.805340710776957
2019-08-07 14:06:55.987000+00:00,9428135936,6004027392,1881493504,146690048,14.805948932809276
2019-08-07 14:07:00.987000+00:00,9428135936,5979615232,1881526272,146690048,15.064530185407799
2019-08-07 14:07:05.987000+00:00,9428135936,5978726400,1881563136,146690048,15.073566627030866
2019-08-07 14:07:10.987000+00:00,9428135936,5978693632,1881600000,146690048,15.073523182599985
2019-08-07 14:07:15.987000+00:00,9428135936,5955837952,1881636864,146690048,15.315552107033175
2019-08-07 14:07:20.987000+00:00,9428135936,5955837952,1881665536,146690048,15.315247996017014
2019-08-07 14:07:25.987000+00:00,9428135936,5955710976,1881702400,146690048,15.316203773496378
2019-08-07 14:07:30.987000+00:00,9428135936,5938950144,1881735168,146690048,15.493630829210819
2019-08-07 14:07:35.987000+00:00,9428135936,5938917376,1881772032,146690048,15.49358738477994
2019-08-07 14:07:40.987000+00:00,9428135936,5939113984,1881804800,146690048,15.491154496650653
2019-08-07 14:07:45.987000+00:00,9428135936,5912449024,1881841664,146690048,15.773586741802362
2019-08-07 14:07:50.987000+00:00,9428135936,5910036480,1881870336,146690048,15.798871400574596
2019-08-07 14:07:55.987000+00:00,9428135936,5908733952,1881907200,146690048,15.812295729716555
2019-08-07 14:08:00.987000+00:00,9428135936,5891338240,1881939968,146690048,15.996456672217416
2019-08-07 14:08:05.987000+00:00,9428135936,5892243456,1881976832,146690048,15.986464453114987
2019-08-07 14:08:10.987000+00:00,9428135936,5892497408,1882009600,146690048,15.98342334295338
2019-08-07 14:08:15.987000+00:00,9428135936,5866053632,1882042368,146690048,16.26355303326844
2019-08-07 14:08:20.987000+00:00,9428135936,5865639936,1882079232,146690048,16.267549920909413
2019-08-07 14:08:25.987000+00:00,9428135936,5865385984,1882116096,146690048,16.26985247574606
2019-08-07 14:08:30.987000+00:00,9428135936,5848371200,1882148864,146690048,16.44997308617507
2019-08-07 14:08:35.987000+00:00,9428135936,5848498176,1882185728,146690048,16.448235308939864
2019-08-07 14:08:40.987000+00:00,9428135936,5848338432,1882214400,146690048,16.449625530728028
2019-08-07 14:08:45.987000+00:00,9428135936,5821800448,1882251264,146690048,16.730710998522454
2019-08-07 14:08:50.987000+00:00,9428135936,5821800448,1882284032,146690048,16.73036344307541
2019-08-07 14:08:55.987000+00:00,9428135936,5821165568,1882320896,146690048,16.736706329983914
2019-08-07 14:09:00.987000+00:00,9428135936,5805522944,1882353664,146690048,16.90227305606808
2019-08-07 14:09:05.987000+00:00,9428135936,5805293568,1882390528,146690048,16.904314944319445
2019-08-07 14:09:10.987000+00:00,9428135936,5805641728,1882419200,146694144,16.900274612247593
2019-08-07 14:09:15.987000+00:00,9428135936,5779230720,1882456064,146694144,17.180013302684735
2019-08-07 14:09:20.987000+00:00,9428135936,5778919424,1882488832,146694144,17.182967523984587
2019-08-07 14:09:25.987000+00:00,9428135936,5779013632,1882529792,146694144,17.18153385776554
2019-08-07 14:09:30.987000+00:00,9428135936,5762252800,1882562560,146694144,17.358960913479983
2019-08-07 14:09:35.987000+00:00,9428135936,5762125824,1882595328,146694144,17.359960135390224
2019-08-07 14:09:40.987000+00:00,9428135936,5761966080,1882628096,146694144,17.36130691274751
2019-08-07 14:09:45.987000+00:00,9428135936,5736570880,1882664960,146694144,17.630271384326377
2019-08-07 14:09:50.987000+00:00,9428135936,5735428096,1882697728,146694144,17.642044825094892
2019-08-07 14:09:55.987000+00:00,9428135936,5732347904,1882734592,146694144,17.67432403723883
2019-08-07 14:10:00.987000+00:00,9428135936,5715841024,1882763264,146694144,17.849100982669583
2019-08-07 14:10:05.987000+00:00,9428135936,5715587072,1882800128,146694144,17.85140353750623
2019-08-07 14:10:10.987000+00:00,9428135936,5715427328,1882832896,146694144,17.852750314863513
2019-08-07 14:10:15.987000+00:00,9428135936,5690003456,1882869760,146694144,18.122018897458545
2019-08-07 14:10:20.987000+00:00,9428135936,5688733696,1882902528,146694144,18.13513911558434
2019-08-07 14:10:25.987000+00:00,9428135936,5688606720,1882939392,146694144,18.136094893063706
2019-08-07 14:10:30.987000+00:00,9428135936,5673115648,1882968064,146694144,18.300097619636187
2019-08-07 14:10:35.987000+00:00,9428135936,5671686144,1883009024,146694144,18.31482528170455
2019-08-07 14:10:40.987000+00:00,9428135936,5671686144,1883041792,146694144,18.31447772625751
2019-08-07 14:10:45.987000+00:00,9428135936,5646004224,1883078656,146694144,18.586483307997987
2019-08-07 14:10:50.987000+00:00,9428135936,5644861440,1883111424,146694144,18.598256748766502
2019-08-07 14:10:55.987000+00:00,9428135936,5644828672,1883144192,146694144,18.598256748766502
2019-08-07 14:11:00.987000+00:00,9428135936,5628608512,1883176960,146694144,18.76994913960477
2019-08-07 14:11:05.987000+00:00,9428135936,5627797504,1883213824,146694144,18.778160137041112
2019-08-07 14:11:10.987000+00:00,9428135936,5627940864,1883246592,146694144,18.776292026513268
2019-08-07 14:11:15.987000+00:00,9428135936,5602197504,1883283456,146694144,19.048949274716946
2019-08-07 14:11:20.987000+00:00,9428135936,5601148928,1883312128,146698240,19.05972349357522
2019-08-07 14:11:25.987000+00:00,9428135936,5601181696,1883348992,146698240,19.05898493825026
2019-08-07 14:11:30.987000+00:00,9428135936,5585276928,1883381760,146698240,19.22733210791075
2019-08-07 14:11:35.987000+00:00,9428135936,5584355328,1883418624,146698240,19.23671610498086
2019-08-07 14:11:40.987000+00:00,9428135936,5583720448,1883451392,146698240,19.24310243632024
2019-08-07 14:11:45.987000+00:00,9428135936,5557690368,1883488256,146698240,19.51880079468553
2019-08-07 14:11:50.987000+00:00,9428135936,5556674560,1883521024,146698240,19.52922745809676
2019-08-07 14:11:55.987000+00:00,9428135936,5556420608,1883557888,146698240,19.531530012933406
2019-08-07 14:12:00.987000+00:00,9428135936,5540675584,1883590656,146698240,19.69818284978958
2019-08-07 14:12:05.987000+00:00,9428135936,5539516416,1883627520,146698240,19.71008662385073
2019-08-07 14:12:10.987000+00:00,9428135936,5539696640,1883656192,146698240,19.707870957875844
2019-08-07 14:12:15.987000+00:00,9428135936,5515030528,1883693056,146698240,19.969102320758054
2019-08-07 14:12:20.987000+00:00,9428135936,5512491008,1883725824,146698240,19.99569031245669
2019-08-07 14:12:25.987000+00:00,9428135936,5511729152,1883762688,146698240,20.003379976722474
2019-08-07 14:12:30.987000+00:00,9428135936,5495857152,1883795456,146702336,20.17133614650505
2019-08-07 14:12:35.987000+00:00,9428135936,5494620160,1883832320,146702336,20.184065364752925
2019-08-07 14:12:40.987000+00:00,9428135936,5494747136,1883860992,146702336,20.182414476379478
2019-08-07 14:12:45.987000+00:00,9428135936,5469605888,1883897856,146702336,20.44868539324378
2019-08-07 14:12:50.987000+00:00,9428135936,5468303360,1883930624,146702336,20.46215316681662
2019-08-07 14:12:55.987000+00:00,9428135936,5468303360,1883971584,146702336,20.461718722507822
2019-08-07 14:13:00.987000+00:00,9428135936,5448749056,1884004352,146702336,20.66877488008251
2019-08-07 14:13:05.987000+00:00,9428135936,5447225344,1884037120,146702336,20.684588652922876
2019-08-07 14:13:10.987000+00:00,9428135936,5447159808,1884069888,146702336,20.684936208369916
2019-08-07 14:13:15.987000+00:00,9428135936,5425827840,1884106752,146702336,20.9108038045157
2019-08-07 14:13:20.987000+00:00,9428135936,5424431104,1884139520,146702336,20.92527079999878
2019-08-07 14:13:25.987000+00:00,9428135936,5424271360,1884176384,146706432,20.926530688494307
2019-08-07 14:13:30.987000+00:00,9428135936,5408780288,1884205056,146710528,21.090489970635907
2019-08-07 14:13:35.987000+00:00,9428135936,5407510528,1884241920,146710528,21.10356674433083
2019-08-07 14:13:40.987000+00:00,9428135936,5406842880,1884274688,146710528,21.110300631117248
2019-08-07 14:13:45.987000+00:00,9428135936,5381320704,1884311552,146710528,21.3806118800534
2019-08-07 14:13:50.987000+00:00,9428135936,5380304896,1884344320,146714624,21.390995099033752
2019-08-07 14:13:55.987000+00:00,9428135936,5380304896,1884381184,146718720,21.39056065472495
2019-08-07 14:14:00.987000+00:00,9428135936,5364400128,1884409856,146718720,21.558951268816326
2019-08-07 14:14:05.987000+00:00,9428135936,5363130368,1884450816,146718720,21.571984598080366
2019-08-07 14:14:10.987000+00:00,9428135936,5363294208,1884483584,146718720,21.569899265398117
2019-08-07 14:14:15.987000+00:00,9428135936,5337772032,1884520448,146718720,21.840210514334274
2019-08-07 14:14:20.987000+00:00,9428135936,5337137152,1884553216,146718720,21.846596845673652
2019-08-07 14:14:25.987000+00:00,9428135936,5336375296,1884585984,146718720,21.854329954370314
2019-08-07 14:14:30.987000+00:00,9428135936,5320757248,1884618752,146718720,22.0196360138692
2019-08-07 14:14:35.987000+00:00,9428135936,5319962624,1884655616,146718720,22.027673233582025
2019-08-07 14:14:40.987000+00:00,9428135936,5319421952,1884688384,146722816,22.03301689858028
2019-08-07 14:14:45.987000+00:00,9428135936,5293899776,1884725248,146722816,22.303328147516435
2019-08-07 14:14:50.987000+00:00,9428135936,5292883968,1884753920,146726912,22.313754810927662
2019-08-07 14:14:55.987000+00:00,9428135936,5292597248,1884790784,146726912,22.31640492121135
2019-08-07 14:15:00.987000+00:00,9428135936,5276852224,1884823552,146726912,22.483057758067524
2019-08-07 14:15:05.987000+00:00,9428135936,5276057600,1884860416,146726912,22.491094977780346
2019-08-07 14:15:10.987000+00:00,9428135936,5275422720,1884897280,146726912,22.497437864688845
2019-08-07 14:15:15.987000+00:00,9428135936,5249900544,1884934144,146726912,22.767749113624998
2019-08-07 14:15:20.987000+00:00,9428135936,5248851968,1884962816,146726912,22.77856677691415
2019-08-07 14:15:25.987000+00:00,9428135936,5248598016,1884999680,146726912,22.780869331750797
2019-08-07 14:15:30.987000+00:00,9428135936,5233303552,1885032448,146726912,22.942743281210156
2019-08-07 14:15:35.987000+00:00,9428135936,5232160768,1885069312,146726912,22.954473277547788
2019-08-07 14:15:40.987000+00:00,9428135936,5231874048,1885102080,146731008,22.957123387831476
2019-08-07 14:15:45.987000+00:00,9428135936,5209653248,1885134848,146731008,23.192461869909128
2019-08-07 14:15:50.987000+00:00,9428135936,5209780224,1885167616,146735104,23.19072409267392
2019-08-07 14:15:55.987000+00:00,9428135936,5201874944,1885204480,146735104,23.27418084439465
2019-08-07 14:16:00.987000+00:00,9428135936,6858477568,1885179904,146735104,5.703602108097564
2019-08-07 14:16:05.987000+00:00,9428135936,6852816896,1885331456,146735104,5.7620348676313355
2019-08-07 14:16:10.987000+00:00,9428135936,6843523072,1885368320,146735104,5.860219281420425
2019-08-07 14:16:15.987000+00:00,9428135936,6838681600,1885401088,146735104,5.9112230432736945
2019-08-07 14:16:20.987000+00:00,9428135936,6830530560,1885433856,146739200,5.997286460847227
2019-08-07 14:16:25.987000+00:00,9428135936,6794342400,1885470720,146743296,6.380683563364355
2019-08-07 14:16:30.987000+00:00,9428135936,6795214848,1885503488,146743296,6.371082344139846
2019-08-07 14:16:35.987000+00:00,9428135936,6795214848,1885540352,146743296,6.370691344261925
2019-08-07 14:16:40.987000+00:00,9428135936,6795341824,1885569024,146743296,6.369040455888481
2019-08-07 14:16:45.987000+00:00,9428135936,6795087872,1885605888,146743296,6.371343010725126
2019-08-07 14:16:50.987000+00:00,9428135936,6757122048,1885638656,146743296,6.773681885105989
2019-08-07 14:16:55.987000+00:00,9428135936,6756962304,1885675520,146747392,6.774941773601513
2019-08-07 14:17:00.987000+00:00,9428135936,6756835328,1885708288,146747392,6.775940995511756
2019-08-07 14:17:05.987000+00:00,9428135936,6756548608,1885745152,146747392,6.778591105795444
2019-08-07 14:17:10.987000+00:00,9428135936,6720614400,1885773824,146747392,7.159424986890643
2019-08-07 14:17:15.987000+00:00,9428135936,6719344640,1885810688,146747392,7.172501760585562
2019-08-07 14:17:20.987000+00:00,9428135936,6719471616,1885847552,146751488,7.1707205389194755
2019-08-07 14:17:25.987000+00:00,9428135936,6719541248,1885884416,146751488,7.169590983716592
2019-08-07 14:17:30.987000+00:00,9428135936,6719668224,1885917184,146751488,7.167896650912269
2019-08-07 14:17:35.987000+00:00,9428135936,6686867456,1885949952,146751488,7.515452097953289
2019-08-07 14:17:40.987000+00:00,9428135936,6686326784,1885982720,146755584,7.520795762951544
2019-08-07 14:17:45.987000+00:00,9428135936,6685691904,1886019584,146759680,7.527095205429164
2019-08-07 14:17:50.987000+00:00,9428135936,6685548544,1886052352,146759680,7.528268205062927
2019-08-07 14:17:55.987000+00:00,9428135936,6685396992,1886089216,146759680,7.529484649127571
2019-08-07 14:18:00.987000+00:00,9428135936,6647144448,1886117888,146759680,7.934908078100921
2019-08-07 14:18:05.987000+00:00,9428135936,6645907456,1886154752,146759680,7.9476372963488
2019-08-07 14:18:10.987000+00:00,9428135936,6646788096,1886187520,146759680,7.9379491882625315
2019-08-07 14:18:15.987000+00:00,9428135936,6646693888,1886224384,146759680,7.938557410294853
2019-08-07 14:18:20.987000+00:00,9428135936,6646755328,1886257152,146759680,7.937558188384609
2019-08-07 14:18:25.987000+00:00,9428135936,6613106688,1886294016,146759680,8.294063188186938
2019-08-07 14:18:30.987000+00:00,9428135936,6612852736,1886326784,146763776,8.296365743023584
2019-08-07 14:18:35.987000+00:00,9428135936,6611963904,1886363648,146763776,8.30540218464665
2019-08-07 14:18:40.987000+00:00,9428135936,6612217856,1886396416,146763776,8.302361074485043
2019-08-07 14:18:45.987000+00:00,9428135936,6612090880,1886433280,146763776,8.303316851964405
2019-08-07 14:18:50.987000+00:00,9428135936,6574538752,1886466048,146767872,8.701224394395494
2019-08-07 14:18:55.987000+00:00,9428135936,6574284800,1886498816,146767872,8.703570393663021
2019-08-07 14:19:00.987000+00:00,9428135936,6574157824,1886531584,146767872,8.704569615573265
2019-08-07 14:19:05.987000+00:00,9428135936,6574665728,1886568448,146767872,8.698791506266208
2019-08-07 14:19:10.987000+00:00,9428135936,6574632960,1886601216,146767872,8.698791506266208
2019-08-07 14:19:15.987000+00:00,9428135936,6543777792,1886638080,146767872,9.025667404208289
2019-08-07 14:19:20.987000+00:00,9428135936,6543650816,1886666752,146767872,9.026710070549411
2019-08-07 14:19:25.987000+00:00,9428135936,6543777792,1886703616,146767872,9.024972293314207
2019-08-07 14:19:30.987000+00:00,9428135936,6543745024,1886736384,146767872,9.024972293314207
2019-08-07 14:19:35.987000+00:00,9428135936,6503366656,1886777344,146767872,9.452813048621705
2019-08-07 14:19:40.987000+00:00,9428135936,6502514688,1886810112,146767872,9.46150193479773
2019-08-07 14:19:45.987000+00:00,9428135936,6502641664,1886846976,146767872,9.459764157562525
2019-08-07 14:19:50.987000+00:00,9428135936,6502641664,1886875648,146771968,9.459416602115484
2019-08-07 14:19:55.987000+00:00,9428135936,6502387712,1886912512,146771968,9.46171915695213
2019-08-07 14:20:00.987000+00:00,9428135936,6474452992,1886945280,146771968,9.75766262010756
2019-08-07 14:20:05.987000+00:00,9428135936,6473531392,1886982144,146771968,9.767046617177668
2019-08-07 14:20:10.987000+00:00,9428135936,6473338880,1887014912,146771968,9.768740949981993
2019-08-07 14:20:15.987000+00:00,9428135936,6473465856,1887047680,146771968,9.767046617177668
2019-08-07 14:20:20.987000+00:00,9428135936,6473338880,1887080448,146771968,9.768045839087911
2019-08-07 14:20:25.987000+00:00,9428135936,6432960512,1887117312,146771968,10.195930038826289
2019-08-07 14:20:30.987000+00:00,9428135936,6432706560,1887150080,146771968,10.198276038093814
2019-08-07 14:20:35.987000+00:00,9428135936,6432706560,1887186944,146771968,10.197885038215894
2019-08-07 14:20:40.987000+00:00,9428135936,6432673792,1887215616,146771968,10.197928482646773
2019-08-07 14:20:45.987000+00:00,9428135936,6408421376,1887256576,146771968,10.454728513579209
2019-08-07 14:20:50.987000+00:00,9428135936,6407626752,1887289344,146771968,10.462809177722912
2019-08-07 14:20:55.987000+00:00,9428135936,6407753728,1887326208,146771968,10.461071400487707
2019-08-07 14:21:00.987000+00:00,9428135936,6407372800,1887358976,146771968,10.464764177112517
2019-08-07 14:21:05.987000+00:00,9428135936,6373810176,1887395840,146771968,10.820356843866364
2019-08-07 14:21:10.987000+00:00,9428135936,6372921344,1887424512,146771968,10.82948017435119
2019-08-07 14:21:15.987000+00:00,9428135936,6372413440,1887461376,146771968,10.834476283902404
2019-08-07 14:21:20.987000+00:00,9428135936,6372347904,1887494144,146771968,10.834823839349445
2019-08-07 14:21:25.987000+00:00,9428135936,6372220928,1887531008,146771968,10.835779616828809
2019-08-07 14:21:30.987000+00:00,9428135936,6347460608,1887559680,146771968,11.09809709048302
2019-08-07 14:21:35.987000+00:00,9428135936,6347587584,1887596544,146771968,11.096359313247813
2019-08-07 14:21:40.987000+00:00,9428135936,6347206656,1887629312,146771968,11.100052089872625
2019-08-07 14:21:45.987000+00:00,9428135936,6347427840,1887666176,146771968,11.097315090727179
2019-08-07 14:21:50.987000+00:00,9428135936,6313017344,1887703040,146771968,11.46190075467321
2019-08-07 14:21:55.987000+00:00,9428135936,6313271296,1887739904,146771968,11.458816200080719
2019-08-07 14:22:00.987000+00:00,9428135936,6313017344,1887768576,146776064,11.461162199348246
2019-08-07 14:22:05.987000+00:00,9428135936,6312984576,1887805440,146776064,11.461118754917367
2019-08-07 14:22:10.987000+00:00,9428135936,6288224256,1887838208,146776064,11.723392784140698
2019-08-07 14:22:15.987000+00:00,9428135936,6288097280,1887875072,146776064,11.72434856162006
2019-08-07 14:22:20.987000+00:00,9428135936,6288064512,1887907840,146776064,11.72434856162006
2019-08-07 14:22:25.987000+00:00,9428135936,6288064512,1887940608,146776064,11.724001006173019
2019-08-07 14:22:30.987000+00:00,9428135936,6253400064,1887973376,146776064,12.091323669264499
2019-08-07 14:22:35.987000+00:00,9428135936,6252384256,1888010240,146776064,12.10170688824485
2019-08-07 14:22:40.987000+00:00,9428135936,6252421120,1888043008,146776064,12.100968332919887
2019-08-07 14:22:45.987000+00:00,9428135936,6252515328,1888079872,146776064,12.099578111131724
2019-08-07 14:22:50.987000+00:00,9428135936,6228643840,1888108544,146776064,12.352468143284947
2019-08-07 14:22:55.987000+00:00,9428135936,6227881984,1888145408,146776064,12.360157807550728
2019-08-07 14:23:00.987000+00:00,9428135936,6227689472,1888182272,146776064,12.361808695924175
2019-08-07 14:23:05.987000+00:00,9428135936,6227689472,1888219136,146776064,12.361417696046253
2019-08-07 14:23:10.987000+00:00,9428135936,6228623360,1888251904,146776064,12.351164810358542
2019-08-07 14:23:15.987000+00:00,9428135936,6193373184,1888288768,146776064,12.724656582635
2019-08-07 14:23:20.987000+00:00,9428135936,6193500160,1888317440,146776064,12.723005694261555
2019-08-07 14:23:25.987000+00:00,9428135936,6193627136,1888354304,146776064,12.72126791702635
2019-08-07 14:23:30.987000+00:00,9428135936,6173626368,1888387072,146776064,12.933059517566972
2019-08-07 14:23:35.987000+00:00,9428135936,6172737536,1888423936,146776064,12.94209595919004
2019-08-07 14:23:40.987000+00:00,9428135936,6172864512,1888456704,146776064,12.940401626385714
2019-08-07 14:23:45.987000+00:00,9428135936,6172737536,1888489472,146776064,12.94140084829596
2019-08-07 14:23:50.987000+00:00,9428135936,6142517248,1888522240,146776064,13.261586303882497
2019-08-07 14:23:55.987000+00:00,9428135936,6141882368,1888559104,146776064,13.267929190790998
2019-08-07 14:24:00.987000+00:00,9428135936,6142078976,1888591872,146776064,13.265496302661711
2019-08-07 14:24:05.987000+00:00,9428135936,6122270720,1888628736,146776064,13.475202570520088
2019-08-07 14:24:10.987000+00:00,9428135936,6121570304,1888661504,146776064,13.482284012753547
2019-08-07 14:24:15.987000+00:00,9428135936,6121316352,1888698368,146776064,13.484586567590192
2019-08-07 14:24:20.987000+00:00,9428135936,6121189376,1888731136,146776064,13.485585789500437
2019-08-07 14:24:25.987000+00:00,9428135936,6091063296,1888768000,146776064,13.804728578745856
2019-08-07 14:24:30.987000+00:00,9428135936,6090301440,1888800768,146776064,13.812461687442518
2019-08-07 14:24:35.987000+00:00,9428135936,6090522624,1888837632,146776064,13.80972468829707
2019-08-07 14:24:40.987000+00:00,9428135936,6090649600,1888866304,146776064,13.808073799923626
2019-08-07 14:24:45.987000+00:00,9428135936,6070046720,1888903168,146776064,14.026208287372746
2019-08-07 14:24:50.987000+00:00,9428135936,6069919744,1888935936,146776064,14.027207509282988
2019-08-07 14:24:55.987000+00:00,9428135936,6069665792,1888972800,146776064,14.029510064119636
2019-08-07 14:25:00.987000+00:00,9428135936,6040174592,1889005568,146780160,14.341918966578634
2019-08-07 14:25:05.987000+00:00,9428135936,6038904832,1889038336,146780160,14.355039184704433
2019-08-07 14:25:10.987000+00:00,9428135936,6038650880,1889071104,146780160,14.35738518397196
2019-08-07 14:25:15.987000+00:00,9428135936,6038777856,1889107968,146780160,14.355647406736754
2019-08-07 14:25:20.987000+00:00,9428135936,6018277376,1889144832,146780160,14.572695783413872
2019-08-07 14:25:25.987000+00:00,9428135936,6018244608,1889181696,146780160,14.57265233898299
2019-08-07 14:25:30.987000+00:00,9428135936,6018117632,1889210368,146780160,14.573695005324113
2019-08-07 14:25:35.987000+00:00,9428135936,6018625536,1889247232,146780160,14.567916896017058
2019-08-07 14:25:40.987000+00:00,9428135936,5989134336,1889280000,146780160,14.880369242906935
2019-08-07 14:25:45.987000+00:00,9428135936,5989134336,1889316864,146780160,14.879978243029015
2019-08-07 14:25:50.987000+00:00,9428135936,5988847616,1889349632,146784256,14.882628353312702
2019-08-07 14:25:55.987000+00:00,9428135936,5964722176,1889386496,146792448,15.138038162456974
2019-08-07 14:26:00.987000+00:00,9428135936,5963419648,1889415168,146792448,15.151549380460693
2019-08-07 14:26:05.987000+00:00,9428135936,5963513856,1889452032,146792448,15.15015915867253
2019-08-07 14:26:10.987000+00:00,9428135936,5941800960,1889484800,146792448,15.380110531321044
2019-08-07 14:26:15.987000+00:00,9428135936,5940658176,1889521664,146792448,15.39184052765868
2019-08-07 14:26:20.987000+00:00,9428135936,5940498432,1889554432,146792448,15.393187305015962
2019-08-07 14:26:25.987000+00:00,9428135936,5924753408,1889591296,146792448,15.559796697441254
2019-08-07 14:26:30.987000+00:00,9428135936,5923737600,1889624064,146792448,15.570223360852484
2019-08-07 14:26:35.987000+00:00,9428135936,5924118528,1889660928,146796544,15.56574858447183
2019-08-07 14:26:40.987000+00:00,9428135936,5898285056,1889693696,146796544,15.839405054585756
2019-08-07 14:26:45.987000+00:00,9428135936,5897228288,1889730560,146796544,15.850222717874907
2019-08-07 14:26:50.987000+00:00,9428135936,5897355264,1889759232,146800640,15.848528385070582
2019-08-07 14:26:55.987000+00:00,9428135936,5880975360,1889796096,146800640,16.02187166428229
2019-08-07 14:27:00.987000+00:00,9428135936,5879578624,1889828864,146800640,16.036338659765374
2019-08-07 14:27:05.987000+00:00,9428135936,5879791616,1889865728,146800640,16.03368854948169
2019-08-07 14:27:10.987000+00:00,9428135936,5854404608,1889898496,146800640,16.302609576629674
2019-08-07 14:27:15.987000+00:00,9428135936,5852975104,1889931264,146800640,16.3174241275598
2019-08-07 14:27:20.987000+00:00,9428135936,5852942336,1889964032,146804736,16.31738068312892
2019-08-07 14:27:25.987000+00:00,9428135936,5837324288,1890000896,146804736,16.482643298196926
2019-08-07 14:27:30.987000+00:00,9428135936,5835800576,1890033664,146804736,16.498457071037294
2019-08-07 14:27:35.987000+00:00,9428135936,5835927552,1890074624,146804736,16.496675849371208
2019-08-07 14:27:40.987000+00:00,9428135936,5811388416,1890103296,146804736,16.756647323757893
2019-08-07 14:27:45.987000+00:00,9428135936,5810212864,1890140160,146804736,16.768724875542567
2019-08-07 14:27:50.987000+00:00,9428135936,5810085888,1890172928,146804736,16.76972409745281
2019-08-07 14:27:55.987000+00:00,9428135936,5794758656,1890209792,146808832,16.931858713497448
2019-08-07 14:28:00.987000+00:00,9428135936,5793869824,1890242560,146808832,16.94093859955139
2019-08-07 14:28:05.987000+00:00,9428135936,5793742848,1890279424,146808832,16.941894377030756
2019-08-07 14:28:10.987000+00:00,9428135936,5767966720,1890308096,146808832,17.21498606954324
2019-08-07 14:28:15.987000+00:00,9428135936,5766885376,1890344960,146808832,17.22606439941767
2019-08-07 14:28:20.987000+00:00,9428135936,5766725632,1890377728,146808832,17.227411176774954
2019-08-07 14:28:25.987000+00:00,9428135936,5751226368,1890414592,146808832,17.391413903347434
2019-08-07 14:28:30.987000+00:00,9428135936,5749956608,1890447360,146808832,17.404534121473237
2019-08-07 14:28:35.987000+00:00,9428135936,5750083584,1890480128,146808832,17.40283978866891
2019-08-07 14:28:40.987000+00:00,9428135936,5724434432,1890512896,146812928,17.674497814962347
2019-08-07 14:28:45.987000+00:00,9428135936,5723037696,1890553856,146812928,17.68887792158367
2019-08-07 14:28:50.987000+00:00,9428135936,5719769088,1890586624,146812928,17.72319902197897
2019-08-07 14:28:55.987000+00:00,9428135936,5704118272,1890623488,146812928,17.88880919249402
2019-08-07 14:29:00.987000+00:00,9428135936,5702815744,1890652160,146812928,17.902320410497737
2019-08-07 14:29:05.987000+00:00,9428135936,5702815744,1890689024,146812928,17.901929410619818
2019-08-07 14:29:10.987000+00:00,9428135936,5676912640,1890721792,146812928,18.176324436058707
2019-08-07 14:29:15.987000+00:00,9428135936,5675864064,1890758656,146812928,18.187055210486093
2019-08-07 14:29:20.987000+00:00,9428135936,5675933696,1890791424,146812928,18.185969099714093
2019-08-07 14:29:25.987000+00:00,9428135936,5660442624,1890828288,146812928,18.349884937424815
2019-08-07 14:29:30.987000+00:00,9428135936,5659140096,1890856960,146812928,18.363396155428532
2019-08-07 14:29:35.987000+00:00,9428135936,5659107328,1890893824,146812928,18.363352710997656
2019-08-07 14:29:40.987000+00:00,9428135936,5633585152,1890926592,146812928,18.63370740436469
2019-08-07 14:29:45.987000+00:00,9428135936,5632188416,1890963456,146812928,18.648130955416892
2019-08-07 14:29:50.987000+00:00,9428135936,5632282624,1890996224,146812928,18.646784178059605
2019-08-07 14:29:55.987000+00:00,9428135936,5616377856,1891033088,146812928,18.81508790328922
2019-08-07 14:30:00.987000+00:00,9428135936,5615869952,1891065856,146812928,18.820127457271315
2019-08-07 14:30:05.987000+00:00,9428135936,5615648768,1891102720,146817024,18.82203901223004
2019-08-07 14:30:10.987000+00:00,9428135936,5590126592,1891135488,146817024,19.092393705597075
2019-08-07 14:30:15.987000+00:00,9428135936,5589172224,1891172352,146817024,19.102125258114224
2019-08-07 14:30:20.987000+00:00,9428135936,5588791296,1891201024,146817024,19.105861479169917
2019-08-07 14:30:25.987000+00:00,9428135936,5573173248,1891237888,146817024,19.27112409423792
2019-08-07 14:30:30.987000+00:00,9428135936,5571903488,1891270656,146817024,19.28424431236372
2019-08-07 14:30:35.987000+00:00,9428135936,5571997696,1891307520,146817024,19.282854090575558
2019-08-07 14:30:40.987000+00:00,9428135936,5546291200,1891340288,146817024,19.555163783332198
2019-08-07 14:30:45.987000+00:00,9428135936,5545402368,1891377152,146817024,19.564200224955265
2019-08-07 14:30:50.987000+00:00,9428135936,5545529344,1891405824,146817024,19.56254933658182
2019-08-07 14:30:55.987000+00:00,9428135936,5529464832,1891442688,146817024,19.732547394615757
2019-08-07 14:31:00.987000+00:00,9428135936,5528702976,1891475456,146817024,19.74028050331242
2019-08-07 14:31:05.987000+00:00,9428135936,5529051136,1891516416,146817024,19.736153282378808
2019-08-07 14:31:10.987000+00:00,9428135936,5503623168,1891549184,146817024,20.0055087538356
2019-08-07 14:31:15.987000+00:00,9428135936,5502480384,1891581952,146817024,20.017282194604114
2019-08-07 14:31:20.987000+00:00,9428135936,5502091264,1891614720,146817024,20.021061860090686
2019-08-07 14:31:25.987000+00:00,9428135936,5482418176,1891651584,146817024,20.229334461730016
2019-08-07 14:31:30.987000+00:00,9428135936,5481275392,1891684352,146817024,20.24110790249853
2019-08-07 14:31:35.987000+00:00,9428135936,5481242624,1891721216,146817024,20.241064458067655
2019-08-07 14:31:40.987000+00:00,9428135936,5459656704,1891749888,146817024,20.469712497789764
2019-08-07 14:31:45.987000+00:00,9428135936,5458513920,1891786752,146817024,20.4814424941274
2019-08-07 14:31:50.987000+00:00,9428135936,5458513920,1891819520,146817024,20.481094938680357
2019-08-07 14:31:55.987000+00:00,9428135936,5442768896,1891856384,146817024,20.647704331105647
2019-08-07 14:32:00.987000+00:00,9428135936,5441499136,1891889152,146817024,20.660824549231446
2019-08-07 14:32:05.987000+00:00,9428135936,5441245184,1891926016,146817024,20.663127104068092
2019-08-07 14:32:10.987000+00:00,9428135936,5415632896,1891958784,146817024,20.93443757491449
2019-08-07 14:32:15.987000+00:00,9428135936,5414584320,1891995648,146817024,20.945168349341884
2019-08-07 14:32:20.987000+00:00,9428135936,5414457344,1892028416,146817024,20.946167571252126
2019-08-07 14:32:25.987000+00:00,9428135936,5399060480,1892065280,146817024,21.109084187052606
2019-08-07 14:32:30.987000+00:00,9428135936,5397663744,1892098048,146817024,21.123551182535685
2019-08-07 14:32:35.987000+00:00,9428135936,5397630976,1892130816,146817024,21.123551182535685
2019-08-07 14:32:40.987000+00:00,9428135936,5371568128,1892163584,146817024,21.399640540778897
2019-08-07 14:32:45.987000+00:00,9428135936,5370425344,1892200448,146817024,21.411370537116532
2019-08-07 14:32:50.987000+00:00,9428135936,5370552320,1892233216,146817024,21.40967620431221
2019-08-07 14:32:55.987000+00:00,9428135936,5354680320,1892270080,146821120,21.5775889296639
2019-08-07 14:33:00.987000+00:00,9428135936,5353472000,1892298752,146821120,21.590100925757376
2019-08-07 14:33:05.987000+00:00,9428135936,5353377792,1892335616,146821120,21.5907091477897
2019-08-07 14:33:10.987000+00:00,9428135936,5327982592,1892368384,146821120,21.85971706379945
2019-08-07 14:33:15.987000+00:00,9428135936,5326712832,1892405248,146821120,21.87279383749437
2019-08-07 14:33:20.987000+00:00,9428135936,5326553088,1892442112,146825216,21.874053725989892
2019-08-07 14:33:25.987000+00:00,9428135936,5310873600,1892478976,146825216,22.0399680075211
2019-08-07 14:33:30.987000+00:00,9428135936,5309861888,1892507648,146825216,22.05039467093233
2019-08-07 14:33:35.987000+00:00,9428135936,5309829120,1892544512,146825216,22.050351226501448
2019-08-07 14:33:40.987000+00:00,9428135936,5284147200,1892577280,146825216,22.32240025267281
2019-08-07 14:33:45.987000+00:00,9428135936,5282750464,1892614144,146825216,22.33682380372501
2019-08-07 14:33:50.987000+00:00,9428135936,5282750464,1892646912,146825216,22.33647624827797
2019-08-07 14:33:55.987000+00:00,9428135936,5267353600,1892679680,146825216,22.49943630850933
2019-08-07 14:34:00.987000+00:00,9428135936,5266178048,1892712448,146825216,22.511557304724885
2019-08-07 14:34:05.987000+00:00,9428135936,5266178048,1892749312,146825216,22.511166304846963
2019-08-07 14:34:10.987000+00:00,9428135936,5240623104,1892782080,146825216,22.78186855366104
2019-08-07 14:34:15.987000+00:00,9428135936,5239226368,1892818944,146825216,22.796292104713242
2019-08-07 14:34:20.987000+00:00,9428135936,5239353344,1892847616,146825216,22.794641216339798
2019-08-07 14:34:25.987000+00:00,9428135936,5225893888,1892884480,146825216,22.937008616333976
2019-08-07 14:34:30.987000+00:00,9428135936,5223067648,1892921344,146825216,22.966594273763345
2019-08-07 14:34:35.987000+00:00,9428135936,5223010304,1892958208,146825216,22.966811495917742
2019-08-07 14:34:40.987000+00:00,9428135936,5200629760,1892990976,146825216,23.20384431079972
2019-08-07 14:34:45.987000+00:00,9428135936,5200756736,1893023744,146825216,23.202149977995397
2019-08-07 14:34:50.987000+00:00,9428135936,5192884224,1893056512,146825216,23.28530261869996
2019-08-07 14:34:55.987000+00:00,9428135936,5191487488,1893093376,146825216,23.299726169752162
2019-08-07 14:35:00.987000+00:00,9428135936,6843625472,1893171200,146825216,5.775415752342415
2019-08-07 14:35:05.987000+00:00,9428135936,6839545856,1893208064,146825216,5.818295405621101
2019-08-07 14:35:10.987000+00:00,9428135936,6831140864,1893240832,146825216,5.907095822340082
2019-08-07 14:35:15.987000+00:00,9428135936,6822600704,1893277696,146829312,5.997243016416347
2019-08-07 14:35:20.987000+00:00,9428135936,6788317184,1893310464,146829312,6.360525347435974
2019-08-07 14:35:25.987000+00:00,9428135936,6787395584,1893351424,146829312,6.369865900075203
2019-08-07 14:35:30.987000+00:00,9428135936,6787600384,1893380096,146829312,6.367389567515034
2019-08-07 14:35:35.987000+00:00,9428135936,6787473408,1893416960,146829312,6.368345344994397
2019-08-07 14:35:40.987000+00:00,9428135936,6787670016,1893449728,146829312,6.365912456865111
2019-08-07 14:35:45.987000+00:00,9428135936,6749069312,1893486592,146829312,6.774941773601513
2019-08-07 14:35:50.987000+00:00,9428135936,6749155328,1893519360,146829312,6.773681885105989
2019-08-07 14:35:55.987000+00:00,9428135936,6749028352,1893552128,146829312,6.7746811070162325
2019-08-07 14:36:00.987000+00:00,9428135936,6748741632,1893584896,146829312,6.777374661730801
2019-08-07 14:36:05.987000+00:00,9428135936,6748835840,1893621760,146833408,6.775940995511756
2019-08-07 14:36:10.987000+00:00,9428135936,6711377920,1893654528,146833408,7.1728927604634825
2019-08-07 14:36:15.987000+00:00,9428135936,6711345152,1893691392,146833408,7.172849316032602
2019-08-07 14:36:20.987000+00:00,9428135936,6711218176,1893720064,146833408,7.173891982373726
2019-08-07 14:36:25.987000+00:00,9428135936,6710964224,1893756928,146837504,7.1761510927794925
2019-08-07 14:36:30.987000+00:00,9428135936,6678491136,1893789696,146837504,7.520230985350103
2019-08-07 14:36:35.987000+00:00,9428135936,6677475328,1893830656,146837504,7.530570759899574
2019-08-07 14:36:40.987000+00:00,9428135936,6677155840,1893863424,146837504,7.533611870061183
2019-08-07 14:36:45.987000+00:00,9428135936,6677028864,1893900288,146837504,7.534567647540545
2019-08-07 14:36:50.987000+00:00,9428135936,6677028864,1893928960,146841600,7.534220092093505
2019-08-07 14:36:55.987000+00:00,9428135936,6639063040,1893965824,146841600,7.9365155220434875
2019-08-07 14:37:00.987000+00:00,9428135936,6638047232,1893998592,146841600,7.946942185454718
2019-08-07 14:37:05.987000+00:00,9428135936,6637760512,1894035456,146841600,7.949592295738405
2019-08-07 14:37:10.987000+00:00,9428135936,6637830144,1894068224,146841600,7.948506184966403
2019-08-07 14:37:15.987000+00:00,9428135936,6637670400,1894100992,146841600,7.949852962323686
2019-08-07 14:37:20.987000+00:00,9428135936,6604496896,1894133760,146841600,8.3013618525748
2019-08-07 14:37:25.987000+00:00,9428135936,6603988992,1894170624,146841600,8.306357962126015
2019-08-07 14:37:30.987000+00:00,9428135936,6603227136,1894203392,146841600,8.314091070822677
2019-08-07 14:37:35.987000+00:00,9428135936,6603194368,1894240256,146841600,8.314047626391796
2019-08-07 14:37:40.987000+00:00,9428135936,6603161600,1894273024,146841600,8.314047626391796
2019-08-07 14:37:45.987000+00:00,9428135936,6565576704,1894309888,146841600,8.712302724269927
2019-08-07 14:37:50.987000+00:00,9428135936,6565703680,1894342656,146841600,8.710608391465602
2019-08-07 14:37:55.987000+00:00,9428135936,6565703680,1894379520,146841600,8.710217391587681
2019-08-07 14:38:00.987000+00:00,9428135936,6565576704,1894412288,146841600,8.711216613497925
2019-08-07 14:38:05.987000+00:00,9428135936,6565543936,1894449152,146841600,8.711173169067044
2019-08-07 14:38:10.987000+00:00,9428135936,6534942720,1894477824,146841600,9.035442401156317
2019-08-07 14:38:15.987000+00:00,9428135936,6534815744,1894514688,146841600,9.036398178635679
2019-08-07 14:38:20.987000+00:00,9428135936,6534434816,1894547456,146841600,9.04009095526049
2019-08-07 14:38:25.987000+00:00,9428135936,6534434816,1894584320,146841600,9.03969995538257
2019-08-07 14:38:30.990000+00:00,9428135936,6533005312,1894617088,146841600,9.054514506312692
2019-08-07 14:38:35.987000+00:00,9428135936,6493966336,1894649856,146841600,9.46823582158415
2019-08-07 14:38:40.987000+00:00,9428135936,6493044736,1894682624,146841600,9.477663263085137
2019-08-07 14:38:45.987000+00:00,9428135936,6492655616,1894719488,146841600,9.481399484140827
2019-08-07 14:38:50.987000+00:00,9428135936,6492237824,1894756352,146841600,9.48543981621268
2019-08-07 14:38:55.987000+00:00,9428135936,6463229952,1894793216,146841600,9.792722275827822
2019-08-07 14:39:00.987000+00:00,9428135936,6463451136,1894821888,146841600,9.790072165544135
2019-08-07 14:39:05.987000+00:00,9428135936,6463324160,1894858752,146841600,9.791027943023497
2019-08-07 14:39:10.987000+00:00,9428135936,6463324160,1894891520,146841600,9.790680387576458
2019-08-07 14:39:15.987000+00:00,9428135936,6463164416,1894928384,146841600,9.79198372050286
2019-08-07 14:39:20.987000+00:00,9428135936,6424182784,1894961152,146841600,10.205096813741994
2019-08-07 14:39:25.987000+00:00,9428135936,6422786048,1894998016,146841600,10.219520364794198
2019-08-07 14:39:30.987000+00:00,9428135936,6423040000,1895026688,146841600,10.216522699063468
2019-08-07 14:39:35.987000+00:00,9428135936,6422659072,1895063552,146841600,10.220172031257398
2019-08-07 14:39:40.987000+00:00,9428135936,6398754816,1895096320,146841600,10.473366174426783
2019-08-07 14:39:45.987000+00:00,9428135936,6398025728,1895133184,146841600,10.480708283245525
2019-08-07 14:39:50.987000+00:00,9428135936,6398025728,1895165952,146841600,10.480360727798484
2019-08-07 14:39:55.987000+00:00,9428135936,6398058496,1895198720,146841600,10.479665616904402
2019-08-07 14:40:00.987000+00:00,9428135936,6397804544,1895235584,146841600,10.481968171741048
2019-08-07 14:40:05.987000+00:00,9428135936,6362505216,1895272448,146841600,10.855981277188068
2019-08-07 14:40:10.987000+00:00,9428135936,6362439680,1895305216,146841600,10.856328832635109
2019-08-07 14:40:15.987000+00:00,9428135936,6362566656,1895342080,146845696,10.854547610969023
2019-08-07 14:40:20.987000+00:00,9428135936,6362439680,1895370752,146849792,10.855546832879266
2019-08-07 14:40:25.987000+00:00,9428135936,6337425408,1895407616,146849792,11.120470972386286
2019-08-07 14:40:30.987000+00:00,9428135936,6337679360,1895440384,146849792,11.117429862224675
2019-08-07 14:40:35.987000+00:00,9428135936,6337552384,1895477248,146849792,11.118385639704039
2019-08-07 14:40:40.987000+00:00,9428135936,6337900544,1895510016,146849792,11.114345307632187
2019-08-07 14:40:45.987000+00:00,9428135936,6303965184,1895542784,146849792,11.473934862027004
2019-08-07 14:40:50.987000+00:00,9428135936,6303584256,1895575552,146849792,11.477627638651814
2019-08-07 14:40:55.987000+00:00,9428135936,6303203328,1895612416,146849792,11.481276970845746
2019-08-07 14:41:00.987000+00:00,9428135936,6303330304,1895645184,146849792,11.479582638041421
2019-08-07 14:41:05.987000+00:00,9428135936,6279204864,1895682048,146849792,11.735079336047452
2019-08-07 14:41:10.987000+00:00,9428135936,6278696960,1895714816,146849792,11.740118890029546
2019-08-07 14:41:15.987000+00:00,9428135936,6278569984,1895751680,146849792,11.74107466750891
2019-08-07 14:41:20.987000+00:00,9428135936,6278860800,1895784448,146849792,11.73764255746938
2019-08-07 14:41:25.987000+00:00,9428135936,6244229120,1895821312,146849792,12.104574220682936
2019-08-07 14:41:30.987000+00:00,9428135936,6243307520,1895854080,146849792,12.114001662183925
2019-08-07 14:41:35.987000+00:00,9428135936,6243307520,1895890944,146849792,12.113610662306003
2019-08-07 14:41:40.987000+00:00,9428135936,6243434496,1895919616,146849792,12.11195977393256
2019-08-07 14:41:45.987000+00:00,9428135936,6243180544,1895956480,146853888,12.114218884338326
2019-08-07 14:41:50.987000+00:00,9428135936,6218547200,1895989248,146853888,12.375146136204373
2019-08-07 14:41:55.987000+00:00,9428135936,6218260480,1896026112,146857984,12.37775280205718
2019-08-07 14:42:00.987000+00:00,9428135936,6218387456,1896058880,146857984,12.376058469252856
2019-08-07 14:42:05.987000+00:00,9428135936,6218227712,1896091648,146857984,12.37740524661014
2019-08-07 14:42:10.987000+00:00,9428135936,6182768640,1896124416,146857984,12.753156129292364
2019-08-07 14:42:15.987000+00:00,9428135936,6182895616,1896161280,146857984,12.75141835205716
2019-08-07 14:42:20.987000+00:00,9428135936,6182895616,1896198144,146857984,12.751027352179237
2019-08-07 14:42:25.987000+00:00,9428135936,6163087360,1896235008,146862080,12.960690175606734
2019-08-07 14:42:30.987000+00:00,9428135936,6162071552,1896263680,146862080,12.971160283448846
2019-08-07 14:42:35.987000+00:00,9428135936,6162038784,1896300544,146862080,12.971116839017965
2019-08-07 14:42:40.987000+00:00,9428135936,6162165760,1896333312,146862080,12.96942250621364
2019-08-07 14:42:45.987000+00:00,9428135936,6131310592,1896370176,146866176,13.296254959724841
2019-08-07 14:42:50.987000+00:00,9428135936,6131343360,1896402944,146866176,13.29555984883076
2019-08-07 14:42:55.987000+00:00,9428135936,6131216384,1896439808,146866176,13.296515626310121
2019-08-07 14:43:00.987000+00:00,9428135936,6131216384,1896468480,146866176,13.29621151529396
2019-08-07 14:43:05.987000+00:00,9428135936,6111281152,1896505344,146866176,13.507264560509622
2019-08-07 14:43:10.987000+00:00,9428135936,6111375360,1896538112,146866176,13.505917783152336
2019-08-07 14:43:15.987000+00:00,9428135936,6111375360,1896574976,146866176,13.505526783274416
2019-08-07 14:43:20.987000+00:00,9428135936,6081757184,1896607744,146866176,13.819325907521579
2019-08-07 14:43:25.987000+00:00,9428135936,6080614400,1896644608,146866176,13.831055903859212
2019-08-07 14:43:30.987000+00:00,9428135936,6080684032,1896677376,146866176,13.82996979308721
2019-08-07 14:43:35.987000+00:00,9428135936,6080811008,1896714240,146870272,13.828188571421125
2019-08-07 14:43:40.987000+00:00,9428135936,6060081152,1896747008,146870272,14.047713280658408
2019-08-07 14:43:45.987000+00:00,9428135936,6059921408,1896783872,146874368,14.048973169153934
2019-08-07 14:43:50.987000+00:00,9428135936,6060048384,1896812544,146878464,14.047278836349609
2019-08-07 14:43:55.987000+00:00,9428135936,6030462976,1896849408,146878464,14.36068696071885
2019-08-07 14:44:00.987000+00:00,9428135936,6029193216,1896882176,146882560,14.373763734413766
2019-08-07 14:44:05.987000+00:00,9428135936,6029447168,1896919040,146882560,14.370679179821277
2019-08-07 14:44:10.987000+00:00,9428135936,6029414400,1896951808,146882560,14.370679179821277
2019-08-07 14:44:15.987000+00:00,9428135936,6009479168,1896988672,146882560,14.581732225036939
2019-08-07 14:44:20.987000+00:00,9428135936,6008844288,1897017344,146882560,14.588162000807198
2019-08-07 14:44:25.987000+00:00,9428135936,6008684544,1897054208,146882560,14.589465333733601
2019-08-07 14:44:30.987000+00:00,9428135936,6008557568,1897086976,146882560,14.590464555643845
2019-08-07 14:44:35.987000+00:00,9428135936,5978972160,1897127936,146882560,14.903829235582206
2019-08-07 14:44:40.987000+00:00,9428135936,5978718208,1897160704,146886656,14.906131790418852
2019-08-07 14:44:45.987000+00:00,9428135936,5978718208,1897193472,146886656,14.905784234971811
2019-08-07 14:44:50.987000+00:00,9428135936,5954813952,1897226240,146886656,15.158978378141194
2019-08-07 14:44:55.987000+00:00,9428135936,5953511424,1897263104,146886656,15.172402707283156
2019-08-07 14:45:00.987000+00:00,9428135936,5953130496,1897295872,146886656,15.176095483907964
2019-08-07 14:45:05.987000+00:00,9428135936,5931671552,1897332736,146886656,15.403309857411033
2019-08-07 14:45:10.987000+00:00,9428135936,5930692608,1897361408,146886656,15.413388965375225
2019-08-07 14:45:15.987000+00:00,9428135936,5930565632,1897398272,146886656,15.414344742854585
2019-08-07 14:45:20.987000+00:00,9428135936,5914820608,1897431040,146886656,15.580997579710756
2019-08-07 14:45:25.987000+00:00,9428135936,5913636864,1897467904,146886656,15.593162020357191
2019-08-07 14:45:30.987000+00:00,9428135936,5913772032,1897500672,146886656,15.591380798691107
2019-08-07 14:45:35.987000+00:00,9428135936,5888724992,1897537536,146886656,15.856652493645166
2019-08-07 14:45:40.987000+00:00,9428135936,5887422464,1897566208,146886656,15.870163711648885
2019-08-07 14:45:45.987000+00:00,9428135936,5887455232,1897607168,146886656,15.869381711893043
2019-08-07 14:45:50.987000+00:00,9428135936,5871710208,1897639936,146886656,16.03603454874921
2019-08-07 14:45:55.987000+00:00,9428135936,5870567424,1897676800,146886656,16.04776454508685
2019-08-07 14:46:00.987000+00:00,9428135936,5870534656,1897709568,146886656,16.04776454508685
2019-08-07 14:46:05.987000+00:00,9428135936,5844631552,1897742336,146886656,16.322159570525734
2019-08-07 14:46:10.987000+00:00,9428135936,5843456000,1897775104,146886656,16.334280566741292
2019-08-07 14:46:15.987000+00:00,9428135936,5843582976,1897811968,146890752,16.332499345075206
2019-08-07 14:46:20.987000+00:00,9428135936,5827710976,1897844736,146890752,16.50049895928866
2019-08-07 14:46:25.987000+00:00,9428135936,5826695168,1897881600,146890752,16.51088217826901
2019-08-07 14:46:30.987000+00:00,9428135936,5826568192,1897910272,146890752,16.51192484461013
2019-08-07 14:46:35.987000+00:00,9428135936,5802156032,1897947136,146890752,16.77046265277777
2019-08-07 14:46:40.987000+00:00,9428135936,5801177088,1897979904,146894848,16.780454871880202
2019-08-07 14:46:45.987000+00:00,9428135936,5800923136,1898016768,146894848,16.78275742671685
2019-08-07 14:46:50.987000+00:00,9428135936,5785210880,1898053632,146894848,16.9490192636951
2019-08-07 14:46:55.987000+00:00,9428135936,5784702976,1898090496,146894848,16.95401537324631
2019-08-07 14:47:00.987000+00:00,9428135936,5784576000,1898119168,146894848,16.955058039587435
2019-08-07 14:47:05.987000+00:00,9428135936,5759021056,1898156032,146894848,17.22571684397063
2019-08-07 14:47:10.987000+00:00,9428135936,5757845504,1898188800,146894848,17.237837840186184
2019-08-07 14:47:15.987000+00:00,9428135936,5757718528,1898225664,146903040,17.238706728803788
2019-08-07 14:47:20.987000+00:00,9428135936,5741973504,1898254336,146903040,17.40540301009084
2019-08-07 14:47:25.987000+00:00,9428135936,5740916736,1898291200,146903040,17.41622067337999
2019-08-07 14:47:30.987000+00:00,9428135936,5740670976,1898323968,146903040,17.418479783785756
2019-08-07 14:47:35.987000+00:00,9428135936,5715148800,1898360832,146903040,17.688791032721912
2019-08-07 14:47:40.987000+00:00,9428135936,5713719296,1898393600,146903040,17.703605583652035
2019-08-07 14:47:45.987000+00:00,9428135936,5710893056,1898430464,146903040,17.7331912410814
2019-08-07 14:47:50.987000+00:00,9428135936,5695275008,1898459136,146903040,17.898540745011168
2019-08-07 14:47:55.987000+00:00,9428135936,5693878272,1898496000,146903040,17.912964296063368
2019-08-07 14:48:00.987000+00:00,9428135936,5694132224,1898532864,146907136,17.90983629704
2019-08-07 14:48:05.987000+00:00,9428135936,5668483072,1898569728,146907136,18.18149432333344
2019-08-07 14:48:10.987000+00:00,9428135936,5667180544,1898602496,146911232,18.194918652475398
2019-08-07 14:48:15.987000+00:00,9428135936,5666996224,1898635264,146911232,18.196526096417966
2019-08-07 14:48:20.987000+00:00,9428135936,5651726336,1898668032,146915328,18.358095934861158
2019-08-07 14:48:25.987000+00:00,9428135936,5650456576,1898704896,146915328,18.371172708556077
2019-08-07 14:48:30.987000+00:00,9428135936,5650583552,1898737664,146919424,18.36943493132087
2019-08-07 14:48:35.987000+00:00,9428135936,5625053184,1898774528,146919424,18.639833069118787
2019-08-07 14:48:40.987000+00:00,9428135936,5623623680,1898803200,146923520,18.65464762004891
2019-08-07 14:48:45.987000+00:00,9428135936,5623750656,1898840064,146923520,18.652909842813706
2019-08-07 14:48:50.987000+00:00,9428135936,5607522304,1898872832,146927616,18.82464567808285
2019-08-07 14:48:55.987000+00:00,9428135936,5606633472,1898909696,146927616,18.833682119705916
2019-08-07 14:49:00.987000+00:00,9428135936,5606633472,1898942464,146927616,18.833334564258873
2019-08-07 14:49:05.987000+00:00,9428135936,5580984320,1898983424,146927616,19.104949146121434
2019-08-07 14:49:10.987000+00:00,9428135936,5579714560,1899012096,146931712,19.11806936424723
2019-08-07 14:49:15.987000+00:00,9428135936,5574062080,1899048960,146935808,19.177588234553006
2019-08-07 14:49:20.987000+00:00,9428135936,5547966464,1899081728,146939904,19.453981703812378
2019-08-07 14:49:25.987000+00:00,9428135936,5546094592,1899118592,146939904,19.473444808846676
2019-08-07 14:49:30.987000+00:00,9428135936,5541552128,1899180032,146939904,19.520973016229537
2019-08-07 14:49:35.987000+00:00,9428135936,5513093120,1899212800,146939904,19.822477366537623
2019-08-07 14:49:40.987000+00:00,9428135936,5511368704,1899245568,146939904,19.840419916491115
2019-08-07 14:49:45.987000+00:00,9428135936,5510860800,1899282432,146939904,19.84541602604233
2019-08-07 14:49:50.987000+00:00,9428135936,5510852608,1899315200,146939904,19.84515535945705
2019-08-07 14:49:55.987000+00:00,9428135936,5493932032,1899352064,146939904,20.024233303544936
2019-08-07 14:50:00.987000+00:00,9428135936,5493764096,1899380736,146939904,20.025710414194858
2019-08-07 14:50:05.987000+00:00,9428135936,5493772288,1899417600,146939904,20.025232525455177
2019-08-07 14:50:10.987000+00:00,9428135936,5468123136,1899450368,146939904,20.296933996179497
2019-08-07 14:50:15.987000+00:00,9428135936,5468123136,1899491328,146939904,20.296499551870696
2019-08-07 14:50:20.987000+00:00,9428135936,5468123136,1899524096,146939904,20.296151996423653
2019-08-07 14:50:25.987000+00:00,9428135936,5451362304,1899560960,146939904,20.473535607707216
2019-08-07 14:50:30.987000+00:00,9428135936,5451235328,1899589632,146939904,20.474578274048337
2019-08-07 14:50:35.987000+00:00,9428135936,5451329536,1899626496,146939904,20.473188052260173
2019-08-07 14:50:40.987000+00:00,9428135936,5425426432,1899659264,146939904,20.747583077699062
2019-08-07 14:50:45.987000+00:00,9428135936,5424918528,1899696128,146939904,20.752579187250277
2019-08-07 14:50:50.987000+00:00,9428135936,5424791552,1899728896,146939904,20.753578409160518
2019-08-07 14:50:55.987000+00:00,9428135936,5403967488,1899761664,146939904,20.974102340308047
2019-08-07 14:51:00.987000+00:00,9428135936,5403840512,1899794432,146939904,20.975101562218292
2019-08-07 14:51:05.987000+00:00,9428135936,5403713536,1899831296,146939904,20.976057339697654
2019-08-07 14:51:10.987000+00:00,9428135936,5381459968,1899864064,146939904,21.211743377222344
2019-08-07 14:51:15.987000+00:00,9428135936,5381079040,1899900928,146939904,21.215392709416275
2019-08-07 14:51:20.987000+00:00,9428135936,5380825088,1899929600,146939904,21.217782153114683
2019-08-07 14:51:25.987000+00:00,9428135936,5363810304,1899970560,146939904,21.397815874681932
2019-08-07 14:51:30.987000+00:00,9428135936,5364260864,1900003328,146939904,21.39268943183808
2019-08-07 14:51:35.987000+00:00,9428135936,5363429376,1900040192,146939904,21.401117651428823
2019-08-07 14:51:40.987000+00:00,9428135936,5336834048,1900072960,146939904,21.68285478568645
2019-08-07 14:51:45.994000+00:00,9428135936,5336580096,1900109824,146939904,21.685157340523098
2019-08-07 14:51:50.987000+00:00,9428135936,5336420352,1900138496,146939904,21.68654756231126
2019-08-07 14:51:55.987000+00:00,9428135936,5319786496,1900175360,146939904,21.862584396237537
2019-08-07 14:52:00.987000+00:00,9428135936,5319819264,1900208128,146939904,21.861889285343455
2019-08-07 14:52:05.987000+00:00,9428135936,5319622656,1900244992,146944000,21.8635401737169
2019-08-07 14:52:10.987000+00:00,9428135936,5292863488,1900277760,146944000,22.147015085209734
2019-08-07 14:52:15.987000+00:00,9428135936,5292769280,1900310528,146944000,22.147666751672936
2019-08-07 14:52:20.987000+00:00,9428135936,5292736512,1900343296,146944000,22.147666751672936
2019-08-07 14:52:25.987000+00:00,9428135936,5275881472,1900380160,146944000,22.32604958486674
2019-08-07 14:52:30.987000+00:00,9428135936,5275721728,1900412928,146944000,22.327396362224025
2019-08-07 14:52:35.987000+00:00,9428135936,5275721728,1900453888,146944000,22.326961917915224
2019-08-07 14:52:40.987000+00:00,9428135936,5248802816,1900482560,146944000,22.61217460664326
2019-08-07 14:52:45.987000+00:00,9428135936,5249183744,1900519424,146944000,22.60774327469349
2019-08-07 14:52:50.987000+00:00,9428135936,5249056768,1900552192,146944000,22.608742496603732
2019-08-07 14:52:55.987000+00:00,9428135936,5232644096,1900589056,146944000,22.78243333126248
2019-08-07 14:53:00.987000+00:00,9428135936,5232263168,1900621824,146944000,22.78612610788729
2019-08-07 14:53:05.987000+00:00,9428135936,5231882240,1900658688,146944000,22.789775440081222
2019-08-07 14:53:10.987000+00:00,9428135936,5205413888,1900687360,146944000,23.07020924141245
2019-08-07 14:53:15.987000+00:00,9428135936,5205413888,1900724224,146944000,23.069818241534527
2019-08-07 14:53:20.987000+00:00,9428135936,5205270528,1900756992,146944000,23.07099124116829
2019-08-07 14:53:25.987000+00:00,9428135936,5188636672,1900793856,146944000,23.247028075094565
2019-08-07 14:53:30.987000+00:00,9428135936,5188509696,1900822528,146944000,23.248070741435694
2019-08-07 14:53:35.987000+00:00,9428135936,5167525888,1900859392,146944000,23.470245560956663
2019-08-07 14:53:40.987000+00:00,9428135936,5166256128,1900896256,146944000,23.483322334651582
2019-08-07 14:53:45.987000+00:00,9428135936,5158256640,1900933120,146948096,23.56773486385167
2019-08-07 14:53:50.987000+00:00,9428135936,5156700160,1900965888,146948096,23.58389619213908
2019-08-07 14:53:55.987000+00:00,9428135936,6813491200,1901051904,146948096,6.010146012387745
2019-08-07 14:54:00.987000+00:00,9428135936,6805164032,1901084672,146948096,6.098120984920004
2019-08-07 14:54:05.987000+00:00,9428135936,6796529664,1901121536,146952192,6.189267400906512
2019-08-07 14:54:10.987000+00:00,9428135936,6792306688,1901154304,146956288,6.233667609266002
2019-08-07 14:54:15.987000+00:00,9428135936,6754881536,1901187072,146956288,6.630271818770687
2019-08-07 14:54:20.987000+00:00,9428135936,6752817152,1901219840,146960384,6.651776812056351
2019-08-07 14:54:25.987000+00:00,9428135936,6753562624,1901256704,146960384,6.643478925758246
2019-08-07 14:54:30.987000+00:00,9428135936,6753300480,1901289472,146960384,6.645911813887534
2019-08-07 14:54:35.987000+00:00,9428135936,6753275904,1901326336,146960384,6.645781480594894
2019-08-07 14:54:40.987000+00:00,9428135936,6715056128,1901359104,146960384,7.050813909690323
2019-08-07 14:54:45.987000+00:00,9428135936,6714802176,1901395968,146960384,7.053116464526971
2019-08-07 14:54:50.987000+00:00,9428135936,6714540032,1901428736,146960384,7.055549352656258
2019-08-07 14:54:55.987000+00:00,9428135936,6714413056,1901465600,146960384,7.056505130135621
2019-08-07 14:55:00.987000+00:00,9428135936,6714667008,1901498368,146964480,7.053420575543131
2019-08-07 14:55:05.987000+00:00,9428135936,6677209088,1901535232,146964480,7.4503288960639775
2019-08-07 14:55:10.987000+00:00,9428135936,6677176320,1901563904,146964480,7.450372340494858
2019-08-07 14:55:15.987000+00:00,9428135936,6676787200,1901600768,146964480,7.454108561550549
2019-08-07 14:55:20.987000+00:00,9428135936,6677032960,1901633536,146964480,7.4511543402507
2019-08-07 14:55:25.987000+00:00,9428135936,6676905984,1901670400,146968576,7.452066673299183
2019-08-07 14:55:30.987000+00:00,9428135936,6643834880,1901703168,146968576,7.802489452778293
2019-08-07 14:55:35.987000+00:00,9428135936,6643453952,1901735936,146968576,7.806182229403104
2019-08-07 14:55:40.987000+00:00,9428135936,6643326976,1901768704,146968576,7.807181451313347
2019-08-07 14:55:45.987000+00:00,9428135936,6643126272,1901805568,146968576,7.808919228548553
2019-08-07 14:55:50.987000+00:00,9428135936,6605033472,1901842432,146968576,8.212561435855818
2019-08-07 14:55:55.987000+00:00,9428135936,6603763712,1901879296,146968576,8.225638209550738
2019-08-07 14:56:00.987000+00:00,9428135936,6603636736,1901907968,146968576,8.22668087589186
2019-08-07 14:56:05.987000+00:00,9428135936,6603603968,1901944832,146968576,8.22663743146098
2019-08-07 14:56:10.987000+00:00,9428135936,6603444224,1901977600,146968576,8.227984208818263
2019-08-07 14:56:15.987000+00:00,9428135936,6570938368,1902014464,146968576,8.572368212405037
2019-08-07 14:56:20.987000+00:00,9428135936,6570303488,1902047232,146968576,8.578754543744415
2019-08-07 14:56:25.987000+00:00,9428135936,6568906752,1902084096,146968576,8.593178094796619
2019-08-07 14:56:30.987000+00:00,9428135936,6569000960,1902112768,146968576,8.591874761870214
2019-08-07 14:56:35.987000+00:00,9428135936,6572683264,1902149632,146968576,8.552427218631058
2019-08-07 14:56:40.987000+00:00,9428135936,6536081408,1902182400,146968576,8.940299097528838
2019-08-07 14:56:45.987000+00:00,9428135936,6535319552,1902219264,146968576,8.94798876179462
2019-08-07 14:56:50.987000+00:00,9428135936,6535352320,1902252032,146968576,8.947293650900539
2019-08-07 14:56:55.987000+00:00,9428135936,6535352320,1902284800,146968576,8.946946095453496
2019-08-07 14:57:00.987000+00:00,9428135936,6535225344,1902321664,146968576,8.947901872932858
2019-08-07 14:57:05.987000+00:00,9428135936,6504624128,1902358528,146968576,9.272084216160373
2019-08-07 14:57:10.987000+00:00,9428135936,6504591360,1902391296,146968576,9.272084216160373
2019-08-07 14:57:15.987000+00:00,9428135936,6504591360,1902428160,146968576,9.271693216282452
2019-08-07 14:57:20.987000+00:00,9428135936,6504718336,1902456832,146968576,9.270042327909007
2019-08-07 14:57:25.987000+00:00,9428135936,6504337408,1902493696,146968576,9.273691660102937
2019-08-07 14:57:30.987000+00:00,9428135936,6463139840,1902526464,146968576,9.71030819044822
2019-08-07 14:57:35.987000+00:00,9428135936,6463139840,1902563328,146968576,9.7099171905703
2019-08-07 14:57:40.987000+00:00,9428135936,6462980096,1902596096,146968576,9.711263967927582
2019-08-07 14:57:45.987000+00:00,9428135936,6463107072,1902632960,146968576,9.70952619069238
2019-08-07 14:57:50.987000+00:00,9428135936,6434758656,1902661632,146968576,10.00990098579758
2019-08-07 14:57:55.987000+00:00,9428135936,6434377728,1902698496,146968576,10.013550317991513
2019-08-07 14:58:00.987000+00:00,9428135936,6434123776,1902731264,146968576,10.015896317259038
2019-08-07 14:58:05.987000+00:00,9428135936,6434123776,1902772224,146968576,10.015461872950237
2019-08-07 14:58:10.987000+00:00,9428135936,6433964032,1902804992,146968576,10.01680865030752
2019-08-07 14:58:15.987000+00:00,9428135936,6394347520,1902837760,146968576,10.436655630333075
2019-08-07 14:58:20.987000+00:00,9428135936,6393458688,1902870528,146968576,10.445735516387023
2019-08-07 14:58:25.987000+00:00,9428135936,6393458688,1902907392,146968576,10.4453445165091
2019-08-07 14:58:30.987000+00:00,9428135936,6393364480,1902940160,146968576,10.445996182972303
2019-08-07 14:58:35.987000+00:00,9428135936,6369366016,1902977024,146968576,10.70014610362105
2019-08-07 14:58:40.987000+00:00,9428135936,6368571392,1903005696,146968576,10.708270212195634
2019-08-07 14:58:45.987000+00:00,9428135936,6368317440,1903042560,146968576,10.71057276703228
2019-08-07 14:58:50.987000+00:00,9428135936,6368350208,1903075328,146968576,10.709877656138199
2019-08-07 14:58:55.987000+00:00,9428135936,6368002048,1903112192,146968576,10.713179432885088
2019-08-07 14:59:00.987000+00:00,9428135936,6332575744,1903144960,146968576,11.088582760120271
2019-08-07 14:59:05.987000+00:00,9428135936,6332510208,1903181824,146968576,11.088886871136433
2019-08-07 14:59:10.987000+00:00,9428135936,6332637184,1903210496,146968576,11.087235982762987
2019-08-07 14:59:15.987000+00:00,9428135936,6332637184,1903251456,146968576,11.086801538454186
2019-08-07 14:59:20.987000+00:00,9428135936,6307876864,1903284224,146968576,11.349075567677518
2019-08-07 14:59:25.987000+00:00,9428135936,6307876864,1903321088,146968576,11.348684567799596
2019-08-07 14:59:30.987000+00:00,9428135936,6307844096,1903353856,146968576,11.348684567799596
2019-08-07 14:59:35.987000+00:00,9428135936,6307717120,1903386624,146968576,11.349683789709838
2019-08-07 14:59:40.987000+00:00,9428135936,6275026944,1903419392,146968576,11.696066237117098
2019-08-07 14:59:45.987000+00:00,9428135936,6273724416,1903456256,146968576,11.709490566259056
2019-08-07 14:59:50.987000+00:00,9428135936,6273724416,1903489024,146968576,11.709143010812015
2019-08-07 14:59:55.987000+00:00,9428135936,6273343488,1903525888,146968576,11.712792343005948
2019-08-07 15:00:00.987000+00:00,9428135936,6248456192,1903554560,146972672,11.976413149586561
2019-08-07 15:00:05.987000+00:00,9428135936,6248996864,1903591424,146972672,11.970287484832463
2019-08-07 15:00:10.987000+00:00,9428135936,6248710144,1903624192,146972672,11.972981039547031
2019-08-07 15:00:15.987000+00:00,9428135936,6248964096,1903661056,146972672,11.969896484954543
2019-08-07 15:00:20.987000+00:00,9428135936,6248804352,1903693824,146972672,11.971243262311827
2019-08-07 15:00:25.987000+00:00,9428135936,6213378048,1903730688,146976768,12.34655970068525
2019-08-07 15:00:30.987000+00:00,9428135936,6213369856,1903763456,146976768,12.346299034099967
2019-08-07 15:00:35.987000+00:00,9428135936,6213971968,1903800320,146976768,12.339521702882667
2019-08-07 15:00:40.987000+00:00,9428135936,6213939200,1903833088,146976768,12.339521702882667
2019-08-07 15:00:45.987000+00:00,9428135936,6189178880,1903869952,146976768,12.601752287675119
2019-08-07 15:00:50.987000+00:00,9428135936,6189686784,1903898624,146976768,12.596061067229822
2019-08-07 15:00:55.987000+00:00,9428135936,6188892160,1903935488,146976768,12.604098286942648
2019-08-07 15:01:00.987000+00:00,9428135936,6188859392,1903968256,146980864,12.604054842511767
2019-08-07 15:01:05.987000+00:00,9428135936,6151176192,1904005120,146980864,13.003352606731019
2019-08-07 15:01:10.987000+00:00,9428135936,6151049216,1904037888,146980864,13.004351828641262
2019-08-07 15:01:15.987000+00:00,9428135936,6151016448,1904074752,146980864,13.004308384210383
2019-08-07 15:01:20.987000+00:00,9428135936,6150729728,1904103424,146980864,13.00704538335583
2019-08-07 15:01:25.987000+00:00,9428135936,6130286592,1904140288,146984960,13.223442093569746
2019-08-07 15:01:30.987000+00:00,9428135936,6130286592,1904177152,146984960,13.223051093691826
2019-08-07 15:01:35.987000+00:00,9428135936,6131175424,1904214016,146984960,13.213232652312918
2019-08-07 15:01:40.987000+00:00,9428135936,6101303296,1904246784,146984960,13.529725331274648
2019-08-07 15:01:45.987000+00:00,9428135936,6100922368,1904279552,146984960,13.53341810789946
2019-08-07 15:01:50.987000+00:00,9428135936,6100287488,1904312320,146984960,13.539804439238837
2019-08-07 15:01:55.987000+00:00,9428135936,6100320256,1904349184,146984960,13.539065883913873
2019-08-07 15:02:00.987000+00:00,9428135936,6079717376,1904381952,146984960,13.757243815793876
2019-08-07 15:02:05.987000+00:00,9428135936,6079336448,1904418816,146984960,13.760893147987808
2019-08-07 15:02:10.987000+00:00,9428135936,6079303680,1904447488,146984960,13.760936592418686
2019-08-07 15:02:15.987000+00:00,9428135936,6049972224,1904484352,146993152,14.071564273211598
2019-08-07 15:02:20.987000+00:00,9428135936,6048575488,1904517120,146993152,14.086031268694683
2019-08-07 15:02:25.987000+00:00,9428135936,6048575488,1904553984,146997248,14.08559682438588
2019-08-07 15:02:30.987000+00:00,9428135936,6048448512,1904586752,146997248,14.086596046296124
2019-08-07 15:02:35.987000+00:00,9428135936,6028132352,1904623616,146997248,14.301689423583635
2019-08-07 15:02:40.987000+00:00,9428135936,6027972608,1904656384,146997248,14.30303620094092
2019-08-07 15:02:45.987000+00:00,9428135936,6027972608,1904693248,146997248,14.302645201063
2019-08-07 15:02:50.987000+00:00,9428135936,6027718656,1904726016,146997248,14.304991200330525
2019-08-07 15:02:55.987000+00:00,9428135936,5997314048,1904762880,146997248,14.62708821087579
2019-08-07 15:03:00.987000+00:00,9428135936,5997060096,1904795648,146997248,14.62943421014332
2019-08-07 15:03:05.987000+00:00,9428135936,5997617152,1904828416,146997248,14.62317821209658
2019-08-07 15:03:10.987000+00:00,9428135936,5977935872,1904861184,146997248,14.831581147028553
2019-08-07 15:03:15.987000+00:00,9428135936,5977464832,1904898048,146997248,14.836186256701847
2019-08-07 15:03:20.987000+00:00,9428135936,5977210880,1904930816,146997248,14.838532255969373
2019-08-07 15:03:25.987000+00:00,9428135936,5977210880,1904967680,146997248,14.838141256091452
2019-08-07 15:03:30.987000+00:00,9428135936,5947371520,1904996352,146997248,15.154329824037022
2019-08-07 15:03:35.987000+00:00,9428135936,5947371520,1905033216,146997248,15.1539388241591
2019-08-07 15:03:40.987000+00:00,9428135936,5947498496,1905065984,146997248,15.152244491354775
2019-08-07 15:03:45.987000+00:00,9428135936,5923340288,1905102848,146997248,15.408088744807847
2019-08-07 15:03:50.987000+00:00,9428135936,5922324480,1905139712,146997248,15.418471963788196
2019-08-07 15:03:55.987000+00:00,9428135936,5921943552,1905176576,146997248,15.422121295982127
2019-08-07 15:04:00.987000+00:00,9428135936,5900451840,1905205248,146997248,15.649770113793998
2019-08-07 15:04:05.987000+00:00,9428135936,5898928128,1905242112,146997248,15.665540442203485
2019-08-07 15:04:10.987000+00:00,9428135936,5899022336,1905274880,147001344,15.664150220415321
2019-08-07 15:04:15.987000+00:00,9428135936,5883277312,1905311744,147001344,15.830759612840609
2019-08-07 15:04:20.987000+00:00,9428135936,5882134528,1905344512,147001344,15.842533053609124
2019-08-07 15:04:25.987000+00:00,9428135936,5882228736,1905377280,147001344,15.84118627625184
2019-08-07 15:04:30.987000+00:00,9428135936,5856452608,1905410048,147001344,16.114234524333444
2019-08-07 15:04:35.987000+00:00,9428135936,5855215616,1905446912,147001344,16.12696374258132
2019-08-07 15:04:40.987000+00:00,9428135936,5855342592,1905479680,147001344,16.125269409776998
2019-08-07 15:04:45.987000+00:00,9428135936,5839884288,1905516544,147001344,16.288837692040676
2019-08-07 15:04:50.987000+00:00,9428135936,5838360576,1905545216,147001344,16.304694909311923
2019-08-07 15:04:55.987000+00:00,9428135936,5838360576,1905586176,147001344,16.30426046500312
2019-08-07 15:05:00.987000+00:00,9428135936,5834010624,1905618944,147001344,16.350050895150776
2019-08-07 15:05:05.987000+00:00,9428135936,5811535872,1905655808,147001344,16.588039487512116
2019-08-07 15:05:10.987000+00:00,9428135936,5811249152,1905688576,147005440,16.590689597795805
2019-08-07 15:05:15.987000+00:00,9428135936,5811376128,1905725440,147005440,16.5889518205606
2019-08-07 15:05:20.987000+00:00,9428135936,5794234368,1905754112,147005440,16.77046265277777
2019-08-07 15:05:25.987000+00:00,9428135936,5794488320,1905790976,147005440,16.767378098185283
2019-08-07 15:05:30.987000+00:00,9428135936,5794488320,1905823744,147009536,16.76698709830736
2019-08-07 15:05:35.987000+00:00,9428135936,5768933376,1905860608,147009536,17.037645902690556
2019-08-07 15:05:40.987000+00:00,9428135936,5768425472,1905893376,147009536,17.04268545667265
2019-08-07 15:05:45.987000+00:00,9428135936,5768552448,1905926144,147009536,17.040991123868327
2019-08-07 15:05:50.987000+00:00,9428135936,5752426496,1905958912,147009536,17.21168429279635
2019-08-07 15:05:55.987000+00:00,9428135936,5752369152,1905995776,147009536,17.21190151495075
2019-08-07 15:06:00.987000+00:00,9428135936,5752336384,1906028544,147009536,17.21190151495075
2019-08-07 15:06:05.987000+00:00,9428135936,5725450240,1906069504,147013632,17.496592870508227
2019-08-07 15:06:10.987000+00:00,9428135936,5725671424,1906098176,147013632,17.493942760224538
2019-08-07 15:06:15.987000+00:00,9428135936,5725671424,1906135040,147013632,17.49355176034662
2019-08-07 15:06:20.987000+00:00,9428135936,5708783616,1906167808,147013632,17.672325593418343
2019-08-07 15:06:25.987000+00:00,9428135936,5708529664,1906204672,147013632,17.67462814825499
2019-08-07 15:06:30.987000+00:00,9428135936,5708656640,1906237440,147013632,17.672933815450666
2019-08-07 15:06:35.987000+00:00,9428135936,5683355648,1906274304,147013632,17.940899065119293
2019-08-07 15:06:40.987000+00:00,9428135936,5681324032,1906302976,147013632,17.962143391819673
2019-08-07 15:06:45.987000+00:00,9428135936,5680529408,1906339840,147013632,17.9701806115325
2019-08-07 15:06:50.987000+00:00,9428135936,5663862784,1906372608,147013632,18.146608445336696
2019-08-07 15:06:55.987000+00:00,9428135936,5663641600,1906409472,147013632,18.1485634447263
2019-08-07 15:07:00.987000+00:00,9428135936,5663608832,1906438144,147013632,18.148606889157183
2019-08-07 15:07:05.987000+00:00,9428135936,5636689920,1906475008,147013632,18.43373268902346
2019-08-07 15:07:10.987000+00:00,9428135936,5636562944,1906507776,147013632,18.434731910933703
2019-08-07 15:07:15.987000+00:00,9428135936,5636911104,1906548736,147013632,18.43060469000009
2019-08-07 15:07:20.987000+00:00,9428135936,5619769344,1906581504,147013632,18.612072077786383
2019-08-07 15:07:25.987000+00:00,9428135936,5619642368,1906618368,147017728,18.61298441083487
2019-08-07 15:07:30.987000+00:00,9428135936,5619482624,1906647040,147017728,18.614374632623033
2019-08-07 15:07:35.987000+00:00,9428135936,5592817664,1906683904,147017728,18.89680687777474
2019-08-07 15:07:40.987000+00:00,9428135936,5593014272,1906716672,147017728,18.894373989645455
2019-08-07 15:07:45.987000+00:00,9428135936,5593014272,1906753536,147021824,18.893939545336654
2019-08-07 15:07:50.987000+00:00,9428135936,5576728576,1906786304,147021824,19.066327047069002
2019-08-07 15:07:55.987000+00:00,9428135936,5576728576,1906819072,147021824,19.06597949162196
2019-08-07 15:08:00.987000+00:00,9428135936,5576695808,1906851840,147021824,19.06597949162196
2019-08-07 15:08:05.987000+00:00,9428135936,5549903872,1906888704,147021824,19.34975851413095
2019-08-07 15:08:10.987000+00:00,9428135936,5549776896,1906921472,147021824,19.350757736041196
2019-08-07 15:08:15.987000+00:00,9428135936,5549617152,1906958336,147021824,19.3520610689676
2019-08-07 15:08:20.987000+00:00,9428135936,5532856320,1906987008,147025920,19.52948812468204
2019-08-07 15:08:25.987000+00:00,9428135936,5532602368,1907027968,147025920,19.531747235087806
2019-08-07 15:08:30.987000+00:00,9428135936,5532602368,1907060736,147025920,19.531399679640767
2019-08-07 15:08:35.987000+00:00,9428135936,5506539520,1907097600,147025920,19.8074455934531
2019-08-07 15:08:40.987000+00:00,9428135936,5511471104,1907101696,147025920,19.755095054242545
2019-08-07 15:08:45.987000+00:00,9428135936,5512105984,1907138560,147025920,19.747970167578202
2019-08-07 15:08:50.987000+00:00,9428135936,5495377920,1907167232,147025920,19.925093112276485
2019-08-07 15:08:55.987000+00:00,9428135936,5495123968,1907204096,147025920,19.92739566711313
2019-08-07 15:09:00.987000+00:00,9428135936,5495123968,1907236864,147030016,19.92700466723521
2019-08-07 15:09:05.987000+00:00,9428135936,5469347840,1907273728,147030016,20.20000947088593
2019-08-07 15:09:10.987000+00:00,9428135936,5469188096,1907306496,147030016,20.201356248243215
2019-08-07 15:09:15.987000+00:00,9428135936,5469282304,1907339264,147030016,20.20000947088593
2019-08-07 15:09:20.987000+00:00,9428135936,5452267520,1907372032,147030016,20.380130081314938
2019-08-07 15:09:25.987000+00:00,9428135936,5452394496,1907408896,147030016,20.378392304079735
2019-08-07 15:09:30.987000+00:00,9428135936,5452173312,1907441664,147030016,20.380390747900222
2019-08-07 15:09:35.987000+00:00,9428135936,5426016256,1907482624,147030016,20.657392439191916
2019-08-07 15:09:40.987000+00:00,9428135936,5425922048,1907511296,147030016,20.658087550085998
2019-08-07 15:09:45.987000+00:00,9428135936,5426143232,1907548160,147030016,20.65535055094055
2019-08-07 15:09:50.987000+00:00,9428135936,5404684288,1907580928,147030016,20.882608368874497
2019-08-07 15:09:55.987000+00:00,9428135936,5405065216,1907617792,147030016,20.878177036924725
2019-08-07 15:10:00.987000+00:00,9428135936,5405032448,1907650560,147034112,20.878133592493846
2019-08-07 15:10:05.987000+00:00,9428135936,5382303744,1907687424,147034112,21.11881573956975
2019-08-07 15:10:10.987000+00:00,9428135936,5382246400,1907716096,147034112,21.119119850585914
2019-08-07 15:10:15.987000+00:00,9428135936,5382246400,1907752960,147034112,21.118728850707992
2019-08-07 15:10:20.987000+00:00,9428135936,5366120448,1907785728,147034112,21.289422019636014
2019-08-07 15:10:25.987000+00:00,9428135936,5365579776,1907822592,147034112,21.29476568463427
2019-08-07 15:10:30.987000+00:00,9428135936,5364944896,1907855360,147034112,21.30115201597365
2019-08-07 15:10:35.987000+00:00,9428135936,5338152960,1907888128,147034112,21.584974482913523
2019-08-07 15:10:40.987000+00:00,9428135936,5338120192,1907924992,147034112,21.584931038482644
2019-08-07 15:10:45.987000+00:00,9428135936,5337993216,1907961856,147034112,21.585886815962006
2019-08-07 15:10:50.987000+00:00,9428135936,5321359360,1907994624,147034112,21.76196709431916
2019-08-07 15:10:55.987000+00:00,9428135936,5320945664,1908031488,147034112,21.765963981960134
2019-08-07 15:11:00.987000+00:00,9428135936,5321199616,1908060160,147034112,21.762966316229406
2019-08-07 15:11:05.987000+00:00,9428135936,5294153728,1908097024,147034112,22.04943889345297
2019-08-07 15:11:10.987000+00:00,9428135936,5294247936,1908129792,147034112,22.04809211609568
2019-08-07 15:11:15.987000+00:00,9428135936,5294088192,1908166656,147034112,22.04939544902209
2019-08-07 15:11:20.987000+00:00,9428135936,5277073408,1908199424,147034112,22.229516059451097
2019-08-07 15:11:25.987000+00:00,9428135936,5277073408,1908236288,147038208,22.229081615142295
2019-08-07 15:11:30.987000+00:00,9428135936,5277175808,1908264960,147038208,22.22769139335413
2019-08-07 15:11:35.987000+00:00,9428135936,5250289664,1908301824,147038208,22.512469637773368
2019-08-07 15:11:40.987000+00:00,9428135936,5250256896,1908334592,147042304,22.51242619334249
2019-08-07 15:11:45.987000+00:00,9428135936,5250416640,1908371456,147042304,22.510340860660243
2019-08-07 15:11:50.987000+00:00,9428135936,5233336320,1908408320,147042304,22.691113137552456
2019-08-07 15:11:55.987000+00:00,9428135936,5233496064,1908441088,147046400,22.689027804870207
2019-08-07 15:12:00.987000+00:00,9428135936,5233532928,1908473856,147046400,22.688289249545246
2019-08-07 15:12:05.987000+00:00,9428135936,5206614016,1908510720,147046400,22.973415049411525
2019-08-07 15:12:10.987000+00:00,9428135936,5206614016,1908543488,147046400,22.973067493964482
2019-08-07 15:12:15.987000+00:00,9428135936,5206360064,1908580352,147050496,22.97532660437025
2019-08-07 15:12:20.987000+00:00,9428135936,5189853184,1908609024,147050496,23.150103549801003
2019-08-07 15:12:25.987000+00:00,9428135936,5189693440,1908645888,147050496,23.151406882727407
2019-08-07 15:12:30.987000+00:00,9428135936,5168455680,1908678656,147050496,23.376318701393828
2019-08-07 15:12:35.987000+00:00,9428135936,5167566848,1908715520,147050496,23.385355143016895
2019-08-07 15:12:40.987000+00:00,9428135936,5167439872,1908748288,147050496,23.386354364927136
2019-08-07 15:12:45.987000+00:00,9428135936,5158297600,1908785152,147050496,23.48293133477366
2019-08-07 15:12:50.987000+00:00,9428135936,6815571968,1908867072,147054592,5.904054712178473
2019-08-07 15:12:55.987000+00:00,9428135936,6806769664,1908908032,147054592,5.996982349831066
2019-08-07 15:13:00.987000+00:00,9428135936,6801817600,1908936704,147054592,6.0492025557489795
2019-08-07 15:13:05.987000+00:00,9428135936,6793691136,1908973568,147054592,6.135005306737232
2019-08-07 15:13:10.987000+00:00,9428135936,6756200448,1909006336,147054592,6.532304627136
2019-08-07 15:13:15.987000+00:00,9428135936,6755692544,1909043200,147054592,6.5373007366872145
2019-08-07 15:13:20.987000+00:00,9428135936,6755618816,1909075968,147054592,6.537735180996015
2019-08-07 15:13:25.987000+00:00,9428135936,6755745792,1909112832,147054592,6.5359974037608115
2019-08-07 15:13:30.987000+00:00,9428135936,6755418112,1909141504,147054592,6.53916884721506
2019-08-07 15:13:35.987000+00:00,9428135936,6718619648,1909178368,147054592,6.929082614364206
2019-08-07 15:13:40.987000+00:00,9428135936,6717333504,1909211136,147054592,6.942376610213525
2019-08-07 15:13:45.987000+00:00,9428135936,6717239296,1909248000,147058688,6.942941387814967
2019-08-07 15:13:50.987000+00:00,9428135936,6717231104,1909280768,147058688,6.942680721229685
2019-08-07 15:13:55.987000+00:00,9428135936,6717198336,1909317632,147058688,6.9426372767988065
2019-08-07 15:14:00.987000+00:00,9428135936,6680121344,1909350400,147062784,7.335505265247801
2019-08-07 15:14:05.987000+00:00,9428135936,6679453696,1909387264,147062784,7.34219570760334
2019-08-07 15:14:10.987000+00:00,9428135936,6679326720,1909420032,147062784,7.343194929513583
2019-08-07 15:14:15.987000+00:00,9428135936,6679420928,1909456896,147062784,7.341804707725419
2019-08-07 15:14:20.987000+00:00,9428135936,6679547904,1909485568,147062784,7.340153819351975
2019-08-07 15:14:25.987000+00:00,9428135936,6645518336,1909522432,147062784,7.700699151226154
2019-08-07 15:14:30.987000+00:00,9428135936,6645231616,1909555200,147066880,7.703349261509842
2019-08-07 15:14:35.987000+00:00,9428135936,6645358592,1909592064,147070976,7.701568039843757
2019-08-07 15:14:40.987000+00:00,9428135936,6645428224,1909624832,147075072,7.700438484640873
2019-08-07 15:14:45.987000+00:00,9428135936,6644666368,1909661696,147075072,7.708128148906655
2019-08-07 15:14:50.987000+00:00,9428135936,6605271040,1909690368,147075072,8.125672574095564
2019-08-07 15:14:55.987000+00:00,9428135936,6605144064,1909727232,147075072,8.126628351574926
2019-08-07 15:15:00.987000+00:00,9428135936,6605111296,1909760000,147079168,8.126584907144045
2019-08-07 15:15:05.987000+00:00,9428135936,6604984320,1909800960,147079168,8.127497240192529
2019-08-07 15:15:10.987000+00:00,9428135936,6572732416,1909833728,147079168,8.469231133495612
2019-08-07 15:15:15.987000+00:00,9428135936,6571175936,1909866496,147079168,8.48539246178302
2019-08-07 15:15:20.987000+00:00,9428135936,6570541056,1909899264,147083264,8.491735348691519
2019-08-07 15:15:25.987000+00:00,9428135936,6570541056,1909936128,147083264,8.491344348813598
2019-08-07 15:15:30.987000+00:00,9428135936,6570381312,1909968896,147083264,8.492691126170882
2019-08-07 15:15:35.987000+00:00,9428135936,6534320128,1910005760,147083264,8.874784895761605
2019-08-07 15:15:40.987000+00:00,9428135936,6533144576,1910034432,147083264,8.88694933640804
2019-08-07 15:15:45.987000+00:00,9428135936,6533144576,1910071296,147083264,8.886558336530118
2019-08-07 15:15:50.987000+00:00,9428135936,6532857856,1910104064,147083264,8.889251891244687
2019-08-07 15:15:55.987000+00:00,9428135936,6532833280,1910140928,147083264,8.889121557952047
2019-08-07 15:16:00.987000+00:00,9428135936,6502129664,1910173696,147083264,9.214433456382443
2019-08-07 15:16:05.987000+00:00,9428135936,6502326272,1910210560,147083264,9.211957123822275
2019-08-07 15:16:10.987000+00:00,9428135936,6502199296,1910243328,147083264,9.212956345732518
2019-08-07 15:16:15.987000+00:00,9428135936,6502166528,1910280192,147083264,9.212912901301639
2019-08-07 15:16:20.987000+00:00,9428135936,6502133760,1910312960,147083264,9.212912901301639
2019-08-07 15:16:25.987000+00:00,9428135936,6460739584,1910349824,147083264,9.651571319898288
2019-08-07 15:16:30.987000+00:00,9428135936,6460612608,1910382592,147083264,9.652570541808531
2019-08-07 15:16:35.987000+00:00,9428135936,6460706816,1910415360,147083264,9.651223764451247
2019-08-07 15:16:40.987000+00:00,9428135936,6460833792,1910448128,147083264,9.649529431646922
2019-08-07 15:16:45.987000+00:00,9428135936,6460960768,1910484992,147087360,9.647748209980838
2019-08-07 15:16:50.987000+00:00,9428135936,6431756288,1910517760,147087360,9.957159446709106
2019-08-07 15:16:55.987000+00:00,9428135936,6431842304,1910554624,147087360,9.955856113782701
2019-08-07 15:17:00.987000+00:00,9428135936,6431817728,1910583296,147087360,9.955812669351822
2019-08-07 15:17:05.987000+00:00,9428135936,6431850496,1910620160,147087360,9.95507411402686
2019-08-07 15:17:10.987000+00:00,9428135936,6392455168,1910652928,147087360,10.372575094784887
2019-08-07 15:17:15.987000+00:00,9428135936,6391185408,1910689792,147087360,10.385651868479806
2019-08-07 15:17:20.987000+00:00,9428135936,6391025664,1910726656,147087360,10.38695520140621
2019-08-07 15:17:25.987000+00:00,9428135936,6391025664,1910763520,147087360,10.386564201528287
2019-08-07 15:17:30.987000+00:00,9428135936,6391119872,1910792192,147087360,10.385260868601884
2019-08-07 15:17:35.987000+00:00,9428135936,6366556160,1910829056,147091456,10.64536267628121
2019-08-07 15:17:40.987000+00:00,9428135936,6366396416,1910861824,147095552,10.646666009207612
2019-08-07 15:17:45.987000+00:00,9428135936,6366396416,1910898688,147095552,10.646275009329692
2019-08-07 15:17:50.987000+00:00,9428135936,6366269440,1910931456,147095552,10.647274231239935
2019-08-07 15:17:55.987000+00:00,9428135936,6330810368,1910964224,147095552,11.02302511392216
2019-08-07 15:18:00.987000+00:00,9428135936,6330650624,1910996992,147095552,11.024371891279444
2019-08-07 15:18:05.987000+00:00,9428135936,6330777600,1911033856,147095552,11.022634114044237
2019-08-07 15:18:10.987000+00:00,9428135936,6330650624,1911066624,147095552,11.02363333595448
2019-08-07 15:18:15.987000+00:00,9428135936,6305984512,1911103488,147099648,11.284821254405808
2019-08-07 15:18:20.987000+00:00,9428135936,6305857536,1911132160,147103744,11.28582047631605
2019-08-07 15:18:25.987000+00:00,9428135936,6305951744,1911169024,147103744,11.284430254527887
2019-08-07 15:18:30.987000+00:00,9428135936,6305943552,1911205888,147103744,11.284126143511726
2019-08-07 15:18:35.987000+00:00,9428135936,6272303104,1911242752,147103744,11.640544254452294
2019-08-07 15:18:40.987000+00:00,9428135936,6271541248,1911275520,147103744,11.648277363148956
2019-08-07 15:18:45.987000+00:00,9428135936,6271508480,1911312384,147103744,11.648233918718077
2019-08-07 15:18:50.987000+00:00,9428135936,6271033344,1911341056,147103744,11.652969361684011
2019-08-07 15:18:55.987000+00:00,9428135936,6246899712,1911377920,147103744,11.908552948551801
2019-08-07 15:19:00.987000+00:00,9428135936,6246232064,1911410688,147103744,11.91528683533822
2019-08-07 15:19:05.987000+00:00,9428135936,6246105088,1911447552,147103744,11.916242612817584
2019-08-07 15:19:10.987000+00:00,9428135936,6246428672,1911480320,147111936,11.912376058469253
2019-08-07 15:19:15.987000+00:00,9428135936,6246301696,1911513088,147111936,11.913375280379496
2019-08-07 15:19:20.987000+00:00,9428135936,6211350528,1911545856,147111936,12.283739053632585
2019-08-07 15:19:25.987000+00:00,9428135936,6210682880,1911582720,147111936,12.290429495988125
2019-08-07 15:19:30.987000+00:00,9428135936,6210555904,1911615488,147116032,12.291385273467487
2019-08-07 15:19:35.987000+00:00,9428135936,6210555904,1911652352,147120128,12.290950829158685
2019-08-07 15:19:40.987000+00:00,9428135936,6185635840,1911685120,147120128,12.554919191186343
2019-08-07 15:19:45.987000+00:00,9428135936,6185889792,1911721984,147120128,12.551834636593853
2019-08-07 15:19:50.987000+00:00,9428135936,6185730048,1911754752,147120128,12.553181413951137
2019-08-07 15:19:55.987000+00:00,9428135936,6185857024,1911791616,147124224,12.551400192285051
2019-08-07 15:20:00.987000+00:00,9428135936,6151573504,1911824384,147124224,12.91468252330468
2019-08-07 15:20:05.987000+00:00,9428135936,6150144000,1911861248,147128320,12.929410185373042
2019-08-07 15:20:10.987000+00:00,9428135936,6150144000,1911889920,147132416,12.929062629926
2019-08-07 15:20:15.987000+00:00,9428135936,6150017024,1911926784,147140608,12.929931518543603
2019-08-07 15:20:20.987000+00:00,9428135936,6129692672,1911959552,147140608,13.145155229123755
2019-08-07 15:20:25.987000+00:00,9428135936,6129668096,1911996416,147144704,13.144981451400236
2019-08-07 15:20:30.987000+00:00,9428135936,6129958912,1912025088,147144704,13.141592785791586
2019-08-07 15:20:35.987000+00:00,9428135936,6100246528,1912061952,147144704,13.456347687518111
2019-08-07 15:20:40.987000+00:00,9428135936,6099865600,1912094720,147148800,13.459997019712041
2019-08-07 15:20:45.987000+00:00,9428135936,6099214336,1912131584,147152896,13.46647023991318
2019-08-07 15:20:50.987000+00:00,9428135936,6099308544,1912168448,147152896,13.465080018125017
2019-08-07 15:20:55.987000+00:00,9428135936,6078357504,1912205312,147152896,13.686907282198948
2019-08-07 15:21:00.987000+00:00,9428135936,6078357504,1912233984,147156992,13.686559726751907
2019-08-07 15:21:05.987000+00:00,9428135936,6078197760,1912270848,147161088,13.687819615247431
2019-08-07 15:21:10.987000+00:00,9428135936,6078164992,1912303616,147161088,13.687819615247431
2019-08-07 15:21:15.987000+00:00,9428135936,6047436800,1912340480,147161088,14.01334873583223
2019-08-07 15:21:20.987000+00:00,9428135936,6047309824,1912373248,147161088,14.014347957742471
2019-08-07 15:21:25.987000+00:00,9428135936,6047150080,1912406016,147161088,14.015694735099753
2019-08-07 15:21:30.987000+00:00,9428135936,6027341824,1912438784,147161088,14.22544444738901
2019-08-07 15:21:35.987000+00:00,9428135936,6026698752,1912475648,147161088,14.231874223159272
2019-08-07 15:21:40.987000+00:00,9428135936,6025388032,1912508416,147161088,14.245428885593869
2019-08-07 15:21:45.987000+00:00,9428135936,6025388032,1912545280,147165184,14.244994441285069
2019-08-07 15:21:50.987000+00:00,9428135936,5994532864,1912573952,147165184,14.57195722808891
2019-08-07 15:21:55.987000+00:00,9428135936,5994532864,1912614912,147165184,14.571522783780107
2019-08-07 15:22:00.987000+00:00,9428135936,5994340352,1912647680,147169280,14.573173672153553
2019-08-07 15:22:05.987000+00:00,9428135936,5974437888,1912684544,147169280,14.783879161922172
2019-08-07 15:22:10.987000+00:00,9428135936,5973770240,1912717312,147169280,14.790613048708593
2019-08-07 15:22:15.987000+00:00,9428135936,5973516288,1912754176,147169280,14.79291560354524
2019-08-07 15:22:20.987000+00:00,9428135936,5973966848,1912782848,147169280,14.787832605132264
2019-08-07 15:22:25.987000+00:00,9428135936,5944127488,1912819712,147173376,15.103890839785194
2019-08-07 15:22:30.987000+00:00,9428135936,5944127488,1912852480,147173376,15.103543284338153
2019-08-07 15:22:35.987000+00:00,9428135936,5944094720,1912889344,147173376,15.103499839907272
2019-08-07 15:22:40.987000+00:00,9428135936,5943808000,1912922112,147173376,15.106193394621839
2019-08-07 15:22:45.987000+00:00,9428135936,5919858688,1912954880,147173376,15.359865426530906
2019-08-07 15:22:50.987000+00:00,9428135936,5919985664,1912987648,147173376,15.35817109372658
2019-08-07 15:22:55.987000+00:00,9428135936,5919825920,1913024512,147177472,15.359430982222106
2019-08-07 15:23:00.987000+00:00,9428135936,5897064448,1913057280,147177472,15.600504129175933
2019-08-07 15:23:05.987000+00:00,9428135936,5897572352,1913098240,147177472,15.594682575437997
2019-08-07 15:23:10.987000+00:00,9428135936,5897445376,1913126912,147181568,15.595681797348238
2019-08-07 15:23:15.987000+00:00,9428135936,5880557568,1913163776,147181568,15.774412185989084
2019-08-07 15:23:20.987000+00:00,9428135936,5880557568,1913196544,147185664,15.774021186111161
2019-08-07 15:23:25.987000+00:00,9428135936,5880524800,1913233408,147185664,15.773977741680284
2019-08-07 15:23:30.987000+00:00,9428135936,5853700096,1913266176,147189760,16.058104319636318
2019-08-07 15:23:35.987000+00:00,9428135936,5853573120,1913303040,147189760,16.059060097115683
2019-08-07 15:23:40.987000+00:00,9428135936,5854765056,1913331712,147189760,16.046113656713406
2019-08-07 15:23:45.987000+00:00,9428135936,5838200832,1913368576,147189760,16.221411935314716
2019-08-07 15:23:50.987000+00:00,9428135936,5837914112,1913401344,147197952,16.224018601167526
2019-08-07 15:23:55.987000+00:00,9428135936,5838327808,1913438208,147202048,16.219196269339832
2019-08-07 15:24:00.987000+00:00,9428135936,5811597312,1913470976,147202048,16.502367069816504
2019-08-07 15:24:05.987000+00:00,9428135936,5810962432,1913503744,147202048,16.508753401155882
2019-08-07 15:24:10.987000+00:00,9428135936,5811089408,1913536512,147202048,16.507059068351555
2019-08-07 15:24:15.987000+00:00,9428135936,5794549760,1913577472,147202048,16.68205323593671
2019-08-07 15:24:20.987000+00:00,9428135936,5794168832,1913610240,147202048,16.685746012561523
2019-08-07 15:24:25.987000+00:00,9428135936,5794009088,1913647104,147210240,16.686962456626166
2019-08-07 15:24:30.987000+00:00,9428135936,5768478720,1913675776,147218432,16.95736059442408
2019-08-07 15:24:35.987000+00:00,9428135936,5768105984,1913712640,147218432,16.960923037756253
2019-08-07 15:24:40.987000+00:00,9428135936,5768040448,1913745408,147222528,16.961227148772412
2019-08-07 15:24:45.987000+00:00,9428135936,5752295424,1913782272,147222528,17.127836541197702
2019-08-07 15:24:50.987000+00:00,9428135936,5752041472,1913815040,147226624,17.13013909603435
2019-08-07 15:24:55.987000+00:00,9428135936,5751857152,1913851904,147226624,17.131703095546033
2019-08-07 15:25:00.987000+00:00,9428135936,5725573120,1913880576,147226624,17.410181897487654
2019-08-07 15:25:05.987000+00:00,9428135936,5725319168,1913917440,147230720,17.41244100789342
2019-08-07 15:25:10.987000+00:00,9428135936,5725032448,1913950208,147230720,17.415134562607985
2019-08-07 15:25:15.987000+00:00,9428135936,5708374016,1913987072,147230720,17.591432063119544
2019-08-07 15:25:20.987000+00:00,9428135936,5708103680,1914019840,147234816,17.593908395679712
2019-08-07 15:25:25.987000+00:00,9428135936,5707976704,1914056704,147234816,17.594864173159074
2019-08-07 15:25:30.987000+00:00,9428135936,5681311744,1914089472,147234816,17.877339862741664
2019-08-07 15:25:35.987000+00:00,9428135936,5681311744,1914126336,147238912,17.876905418432866
2019-08-07 15:25:40.987000+00:00,9428135936,5678485504,1914159104,147238912,17.90653452029311
2019-08-07 15:25:45.987000+00:00,9428135936,5661597696,1914195968,147243008,18.085221464503075
2019-08-07 15:25:50.987000+00:00,9428135936,5661310976,1914224640,147243008,18.087958463648523
2019-08-07 15:25:55.987000+00:00,9428135936,5661151232,1914261504,147243008,18.08926179657493
2019-08-07 15:26:00.987000+00:00,9428135936,5634613248,1914294272,147243008,18.370390708800237
2019-08-07 15:26:05.987000+00:00,9428135936,5634486272,1914331136,147243008,18.371346486279595
2019-08-07 15:26:10.987000+00:00,9428135936,5634486272,1914363904,147243008,18.370998930832556
2019-08-07 15:26:15.987000+00:00,9428135936,5617725440,1914396672,147247104,18.54838254211612
2019-08-07 15:26:20.987000+00:00,9428135936,5617565696,1914429440,147247104,18.5497293194734
2019-08-07 15:26:25.987000+00:00,9428135936,5617438720,1914466304,147247104,18.550685096952765
2019-08-07 15:26:30.987000+00:00,9428135936,5590843392,1914503168,147255296,18.832291897917752
2019-08-07 15:26:35.987000+00:00,9428135936,5590810624,1914540032,147255296,18.832248453486873
2019-08-07 15:26:40.987000+00:00,9428135936,5591445504,1914568704,147259392,18.82516701125341
2019-08-07 15:26:45.987000+00:00,9428135936,5575319552,1914605568,147263488,18.995773291319672
2019-08-07 15:26:50.987000+00:00,9428135936,5574938624,1914638336,147267584,18.999422623513603
2019-08-07 15:26:55.987000+00:00,9428135936,5574938624,1914675200,147267584,18.99903162363568
2019-08-07 15:27:00.987000+00:00,9428135936,5548335104,1914707968,147275776,19.28076875789331
2019-08-07 15:27:05.987000+00:00,9428135936,5547859968,1914744832,147275776,19.28541731199748
2019-08-07 15:27:10.987000+00:00,9428135936,5547921408,1914773504,147279872,19.28441809008724
2019-08-07 15:27:15.987000+00:00,9428135936,5531414528,1914810368,147283968,19.459064702225355
2019-08-07 15:27:20.987000+00:00,9428135936,5531160576,1914843136,147283968,19.46141070149288
2019-08-07 15:27:25.987000+00:00,9428135936,5531033600,1914880000,147283968,19.462366478972243
2019-08-07 15:27:30.987000+00:00,9428135936,5504241664,1914912768,147283968,19.74618894591212
2019-08-07 15:27:35.987000+00:00,9428135936,5504114688,1914945536,147288064,19.74714472339148
2019-08-07 15:27:40.987000+00:00,9428135936,5504081920,1914982400,147292160,19.74705783452972
2019-08-07 15:27:45.987000+00:00,9428135936,5485875200,1915019264,147292160,19.939777329913966
2019-08-07 15:27:50.987000+00:00,9428135936,5485842432,1915052032,147292160,19.939777329913966
2019-08-07 15:27:55.987000+00:00,9428135936,5485969408,1915088896,147296256,19.937996108247884
2019-08-07 15:28:00.987000+00:00,9428135936,5460320256,1915117568,147296256,20.20974102340308
2019-08-07 15:28:05.987000+00:00,9428135936,5461327872,1915154432,147296256,20.19866269352865
2019-08-07 15:28:10.987000+00:00,9428135936,5461327872,1915187200,147296256,20.198315138081608
2019-08-07 15:28:15.987000+00:00,9428135936,5444280320,1915224064,147300352,20.3786964150959
2019-08-07 15:28:20.987000+00:00,9428135936,5444153344,1915256832,147300352,20.37969563700614
2019-08-07 15:28:25.987000+00:00,9428135936,5444501504,1915293696,147300352,20.375611860503408
2019-08-07 15:28:30.987000+00:00,9428135936,5418090496,1915322368,147300352,20.65543743980231
2019-08-07 15:28:35.987000+00:00,9428135936,5418184704,1915359232,147300352,20.654047218014146
2019-08-07 15:28:40.987000+00:00,9428135936,5418024960,1915392000,147300352,20.65539399537143
2019-08-07 15:28:45.987000+00:00,9428135936,5396946944,1915432960,147300352,20.878524592371768
2019-08-07 15:28:50.987000+00:00,9428135936,5396979712,1915465728,147304448,20.877786037046803
2019-08-07 15:28:55.987000+00:00,9428135936,5396471808,1915498496,147304448,20.8828255910289
2019-08-07 15:29:00.987000+00:00,9428135936,5373743104,1915531264,147308544,21.123507738104806
2019-08-07 15:29:05.987000+00:00,9428135936,5373710336,1915568128,147308544,21.123464293673926
2019-08-07 15:29:10.987000+00:00,9428135936,5373677568,1915600896,147308544,21.123464293673926
2019-08-07 15:29:15.987000+00:00,9428135936,5356789760,1915637760,147308544,21.30219468231477
2019-08-07 15:29:20.987000+00:00,9428135936,5356662784,1915666432,147312640,21.303193904225015
2019-08-07 15:29:25.987000+00:00,9428135936,5356281856,1915703296,147316736,21.306799791988066
2019-08-07 15:29:30.987000+00:00,9428135936,5329362944,1915736064,147316736,21.59196903628522
2019-08-07 15:29:35.987000+00:00,9428135936,5329457152,1915772928,147316736,21.590578814497057
2019-08-07 15:29:40.987000+00:00,9428135936,5329399808,1915805696,147316736,21.590839481082337
2019-08-07 15:29:45.987000+00:00,9428135936,5312606208,1915842560,147316736,21.768570647812943
2019-08-07 15:29:50.987000+00:00,9428135936,5312606208,1915871232,147320832,21.7682230923659
2019-08-07 15:29:55.987000+00:00,9428135936,5312479232,1915912192,147324928,21.769091980983504
2019-08-07 15:30:00.987000+00:00,9428135936,5285654528,1915944960,147324928,22.05326200337042
2019-08-07 15:30:05.987000+00:00,9428135936,5285654528,1915981824,147329024,22.052827559061615
2019-08-07 15:30:10.987000+00:00,9428135936,5285908480,1916014592,147329024,22.049786448900008
2019-08-07 15:30:15.987000+00:00,9428135936,5268733952,1916047360,147329024,22.231601392133342
2019-08-07 15:30:20.987000+00:00,9428135936,5268480000,1916080128,147329024,22.23394739140087
2019-08-07 15:30:25.987000+00:00,9428135936,5268353024,1916116992,147329024,22.234903168880233
2019-08-07 15:30:30.987000+00:00,9428135936,5241655296,1916149760,147329024,22.517726413909863
2019-08-07 15:30:35.987000+00:00,9428135936,5241655296,1916186624,147329024,22.517335414031944
2019-08-07 15:30:40.987000+00:00,9428135936,5241782272,1916215296,147333120,22.51564108122762
2019-08-07 15:30:45.987000+00:00,9428135936,5224861696,1916252160,147333120,22.694719025315504
2019-08-07 15:30:50.987000+00:00,9428135936,5224607744,1916284928,147337216,22.697021580152153
2019-08-07 15:30:55.987000+00:00,9428135936,5224574976,1916321792,147341312,22.69693469129039
2019-08-07 15:31:00.987000+00:00,9428135936,5197910016,1916354560,147349504,22.979323492011222
2019-08-07 15:31:05.987000+00:00,9428135936,5197979648,1916395520,147353600,22.978107047946576
2019-08-07 15:31:10.987000+00:00,9428135936,5197979648,1916424192,147357696,22.977759492499537
2019-08-07 15:31:15.987000+00:00,9428135936,5181218816,1916461056,147357696,23.155143103783097
2019-08-07 15:31:20.987000+00:00,9428135936,5181026304,1916493824,147357696,23.15683743658742
2019-08-07 15:31:25.987000+00:00,9428135936,5160075264,1916530688,147357696,23.378664700661357
2019-08-07 15:31:30.987000+00:00,9428135936,5158551552,1916563456,147361792,23.39443502907084
2019-08-07 15:31:35.987000+00:00,9428135936,5158645760,1916596224,147365888,23.393044807282674
2019-08-07 15:31:40.987000+00:00,9428135936,5149503488,1916628992,147365888,23.48966522156008
2019-08-07 15:31:45.987000+00:00,9428135936,6806470656,1916694528,147374080,5.914177264573543
2019-08-07 15:31:50.987000+00:00,9428135936,6798712832,1916796928,147374080,5.995374905888502
2019-08-07 15:31:55.987000+00:00,9428135936,6793474048,1916833792,147374080,6.050549333106264
2019-08-07 15:32:00.987000+00:00,9428135936,6785474560,1916866560,147374080,6.135048751168112
2019-08-07 15:32:05.987000+00:00,9428135936,6747578368,1916907520,147382272,6.536475292500492
2019-08-07 15:32:10.987000+00:00,9428135936,6745673728,1916936192,147382272,6.55637284184359
2019-08-07 15:32:15.987000+00:00,9428135936,6746165248,1916973056,147390464,6.550681621398294
2019-08-07 15:32:20.987000+00:00,9428135936,6746038272,1917005824,147390464,6.551680843308537
2019-08-07 15:32:25.987000+00:00,9428135936,6745497600,1917042688,147394560,6.556981063875912
2019-08-07 15:32:30.987000+00:00,9428135936,6708006912,1917075456,147394560,6.95428038427468
2019-08-07 15:32:35.987000+00:00,9428135936,6706864128,1917112320,147394560,6.966010380612314
2019-08-07 15:32:40.987000+00:00,9428135936,6706737152,1917140992,147398656,6.967009602522557
2019-08-07 15:32:45.987000+00:00,9428135936,6706577408,1917177856,147398656,6.968312935448962
2019-08-07 15:32:50.987000+00:00,9428135936,6706544640,1917210624,147402752,6.968269491018081
2019-08-07 15:32:55.987000+00:00,9428135936,6670610432,1917247488,147402752,7.34901648325152
2019-08-07 15:33:00.987000+00:00,9428135936,6669213696,1917280256,147406848,7.363440034303722
2019-08-07 15:33:05.987000+00:00,9428135936,6668959744,1917313024,147406848,7.365786033571249
2019-08-07 15:33:10.987000+00:00,9428135936,6669086720,1917349888,147406848,7.364048256336045
2019-08-07 15:33:15.987000+00:00,9428135936,6669053952,1917386752,147406848,7.364004811905164
2019-08-07 15:33:20.987000+00:00,9428135936,6635118592,1917419520,147410944,7.723550921869101
2019-08-07 15:33:25.987000+00:00,9428135936,6635118592,1917456384,147410944,7.723159921991179
2019-08-07 15:33:30.987000+00:00,9428135936,6634991616,1917485056,147410944,7.724202588332303
2019-08-07 15:33:35.987000+00:00,9428135936,6635188224,1917521920,147415040,7.721682811341256
2019-08-07 15:33:40.987000+00:00,9428135936,6635036672,1917554688,147423232,7.722855810975019
2019-08-07 15:33:45.987000+00:00,9428135936,6595825664,1917591552,147423232,8.13835834791256
2019-08-07 15:33:50.987000+00:00,9428135936,6595919872,1917624320,147423232,8.137011570555277
2019-08-07 15:33:55.987000+00:00,9428135936,6595760128,1917661184,147423232,8.13831490348168
2019-08-07 15:34:00.987000+00:00,9428135936,6595506176,1917689856,147423232,8.140704347180087
2019-08-07 15:34:05.987000+00:00,9428135936,6595600384,1917726720,147423232,8.139314125391923
2019-08-07 15:34:10.987000+00:00,9428135936,6562426880,1917759488,147423232,8.490823015643036
2019-08-07 15:34:15.987000+00:00,9428135936,6561538048,1917796352,147423232,8.499859457266103
2019-08-07 15:34:20.987000+00:00,9428135936,6560776192,1917833216,147427328,8.507505677101006
2019-08-07 15:34:25.987000+00:00,9428135936,6560776192,1917865984,147427328,8.507158121653964
2019-08-07 15:34:30.987000+00:00,9428135936,6524715008,1917898752,147427328,8.889295335675568
2019-08-07 15:34:35.987000+00:00,9428135936,6523920384,1917935616,147427328,8.897332555388392
2019-08-07 15:34:40.987000+00:00,9428135936,6523506688,1917968384,147427328,8.901372887460242
2019-08-07 15:34:45.987000+00:00,9428135936,6523506688,1918005248,147427328,8.900981887582322
2019-08-07 15:34:50.987000+00:00,9428135936,6523830272,1918033920,147427328,8.897245666526631
2019-08-07 15:34:55.987000+00:00,9428135936,6494117888,1918070784,147427328,9.212000568253156
2019-08-07 15:35:00.987000+00:00,9428135936,6493450240,1918103552,147435520,9.218647566177815
2019-08-07 15:35:05.987000+00:00,9428135936,6492561408,1918140416,147435520,9.227684007800882
2019-08-07 15:35:10.987000+00:00,9428135936,6492688384,1918173184,147435520,9.225989674996557
2019-08-07 15:35:15.987000+00:00,9428135936,6492528640,1918205952,147435520,9.22733645235384
2019-08-07 15:35:20.987000+00:00,9428135936,6450966528,1918238720,147435520,9.667819537047457
2019-08-07 15:35:25.987000+00:00,9428135936,6450966528,1918275584,147435520,9.667428537169535
2019-08-07 15:35:30.987000+00:00,9428135936,6451093504,1918312448,147435520,9.66569075993433
2019-08-07 15:35:35.987000+00:00,9428135936,6450966528,1918349312,147435520,9.666646537413692
2019-08-07 15:35:40.987000+00:00,9428135936,6450806784,1918377984,147435520,9.668036759201856
2019-08-07 15:35:45.987000+00:00,9428135936,6421823488,1918414848,147435520,9.975058552231719
2019-08-07 15:35:50.987000+00:00,9428135936,6421950464,1918447616,147439616,9.973320774996514
2019-08-07 15:35:55.987000+00:00,9428135936,6422077440,1918484480,147439616,9.971582997761308
2019-08-07 15:36:00.987000+00:00,9428135936,6421950464,1918517248,147439616,9.972582219671551
2019-08-07 15:36:05.987000+00:00,9428135936,6421569536,1918554112,147439616,9.976231551865482
2019-08-07 15:36:10.987000+00:00,9428135936,6381318144,1918582784,147439616,10.402855863108336
2019-08-07 15:36:15.987000+00:00,9428135936,6381412352,1918619648,147443712,10.40142219688929
2019-08-07 15:36:20.987000+00:00,9428135936,6381322240,1918652416,147447808,10.401986974490733
2019-08-07 15:36:25.987000+00:00,9428135936,6381195264,1918689280,147447808,10.402942751970096
2019-08-07 15:36:30.987000+00:00,9428135936,6356688896,1918722048,147447808,10.662523226478859
2019-08-07 15:36:35.987000+00:00,9428135936,6356307968,1918754816,147447808,10.66621600310367
2019-08-07 15:36:40.987000+00:00,9428135936,6357069824,1918791680,147447808,10.657744339082045
2019-08-07 15:36:45.987000+00:00,9428135936,6356926464,1918828544,147447808,10.658873894284929
2019-08-07 15:36:50.987000+00:00,9428135936,6321754112,1918861312,147451904,11.031540222374664
2019-08-07 15:36:55.987000+00:00,9428135936,6321627136,1918898176,147451904,11.032495999854026
2019-08-07 15:37:00.987000+00:00,9428135936,6321467392,1918926848,147451904,11.03388622164219
2019-08-07 15:37:05.987000+00:00,9428135936,6321594368,1918963712,147451904,11.032148444406985
2019-08-07 15:37:10.987000+00:00,9428135936,6297341952,1918996480,147451904,11.28903536420118
2019-08-07 15:37:15.987000+00:00,9428135936,6296674304,1919033344,147451904,11.295725806556721
2019-08-07 15:37:20.987000+00:00,9428135936,6296387584,1919066112,147451904,11.298419361271288
2019-08-07 15:37:25.987000+00:00,9428135936,6295703552,1919102976,147451904,11.305283581350348
2019-08-07 15:37:30.987000+00:00,9428135936,6263373824,1919131648,147451904,11.647886363271036
2019-08-07 15:37:35.987000+00:00,9428135936,6262992896,1919168512,147451904,11.651535695464966
2019-08-07 15:37:40.987000+00:00,9428135936,6262104064,1919201280,147451904,11.660615581518913
2019-08-07 15:37:45.987000+00:00,9428135936,6261850112,1919242240,147456000,11.662831247493799
2019-08-07 15:37:50.987000+00:00,9428135936,6262104064,1919275008,147456000,11.659790137332191
2019-08-07 15:37:55.987000+00:00,9428135936,6237310976,1919307776,147456000,11.922411722002563
2019-08-07 15:38:00.987000+00:00,9428135936,6237474816,1919340544,147456000,11.920326389320318
2019-08-07 15:38:05.987000+00:00,9428135936,6238109696,1919377408,147460096,11.913158058225095
2019-08-07 15:38:10.987000+00:00,9428135936,6238490624,1919410176,147464192,11.908726726275322
2019-08-07 15:38:15.987000+00:00,9428135936,6203699200,1919447040,147464192,12.277352722293205
2019-08-07 15:38:20.987000+00:00,9428135936,6203412480,1919475712,147464192,12.280089721438655
2019-08-07 15:38:25.987000+00:00,9428135936,6203285504,1919512576,147464192,12.281045498918017
2019-08-07 15:38:30.987000+00:00,9428135936,6203412480,1919545344,147468288,12.27930772168281
2019-08-07 15:38:35.987000+00:00,9428135936,6178492416,1919582208,147468288,12.543232639279585
2019-08-07 15:38:40.987000+00:00,9428135936,6178365440,1919614976,147468288,12.54423186118983
2019-08-07 15:38:45.987000+00:00,9428135936,6178332672,1919651840,147468288,12.54418841675895
2019-08-07 15:38:50.987000+00:00,9428135936,6178365440,1919680512,147468288,12.543536750295747
2019-08-07 15:38:55.987000+00:00,9428135936,6143287296,1919721472,147468288,12.91516041204436
2019-08-07 15:39:00.987000+00:00,9428135936,6142779392,1919754240,147468288,12.920199966026455
2019-08-07 15:39:05.987000+00:00,9428135936,6142652416,1919791104,147468288,12.92115574350582
2019-08-07 15:39:10.987000+00:00,9428135936,6142144512,1919823872,147468288,12.926195297487913
2019-08-07 15:39:15.987000+00:00,9428135936,6122336256,1919856640,147468288,13.135945009777169
2019-08-07 15:39:20.987000+00:00,9428135936,6122463232,1919889408,147468288,13.134250676972844
2019-08-07 15:39:25.987000+00:00,9428135936,6122303488,1919926272,147472384,13.135510565468367
2019-08-07 15:39:30.987000+00:00,9428135936,6092337152,1919959040,147472384,13.453002466340342
2019-08-07 15:39:35.987000+00:00,9428135936,6091161600,1919995904,147472384,13.465080018125017
2019-08-07 15:39:40.987000+00:00,9428135936,6090907648,1920024576,147472384,13.467469461823423
2019-08-07 15:39:45.987000+00:00,9428135936,6091034624,1920061440,147472384,13.465731684588219
2019-08-07 15:39:50.987000+00:00,9428135936,6071091200,1920094208,147476480,13.67687161866564
2019-08-07 15:39:55.987000+00:00,9428135936,6070964224,1920131072,147476480,13.677827396145
2019-08-07 15:40:00.987000+00:00,9428135936,6070779904,1920167936,147480576,13.679347951225807
2019-08-07 15:40:05.987000+00:00,9428135936,6070493184,1920204800,147480576,13.681998061509496
2019-08-07 15:40:10.987000+00:00,9428135936,6039764992,1920233472,147480576,14.00761407095605
2019-08-07 15:40:15.987000+00:00,9428135936,6039764992,1920270336,147484672,14.00717962664725
2019-08-07 15:40:20.987000+00:00,9428135936,6039384064,1920303104,147484672,14.01087240327206
2019-08-07 15:40:25.987000+00:00,9428135936,6019796992,1920339968,147484672,14.21823267186291
2019-08-07 15:40:30.987000+00:00,9428135936,6018908160,1920372736,147484672,14.227312557916857
2019-08-07 15:40:35.987000+00:00,9428135936,6018248704,1920405504,147484672,14.233959555841516
2019-08-07 15:40:40.987000+00:00,9428135936,6018850816,1920438272,147484672,14.227225669055096
2019-08-07 15:40:45.987000+00:00,9428135936,5987995648,1920475136,147484672,14.554101566997177
2019-08-07 15:40:50.987000+00:00,9428135936,5987835904,1920507904,147488768,14.555404899923582
2019-08-07 15:40:55.987000+00:00,9428135936,5987827712,1920544768,147488768,14.55510078890742
2019-08-07 15:41:00.987000+00:00,9428135936,5987676160,1920573440,147488768,14.556404121833824
2019-08-07 15:41:05.987000+00:00,9428135936,5967106048,1920610304,147488768,14.774191053835906
2019-08-07 15:41:10.987000+00:00,9428135936,5967106048,1920647168,147488768,14.773800053957983
2019-08-07 15:41:15.987000+00:00,9428135936,5966852096,1920684032,147488768,14.77610260879463
2019-08-07 15:41:20.987000+00:00,9428135936,5938757632,1920716800,147488768,15.073740404754385
2019-08-07 15:41:25.987000+00:00,9428135936,5938249728,1920753664,147488768,15.078736514305598
2019-08-07 15:41:30.987000+00:00,9428135936,5938446336,1920782336,147492864,15.076303626176312
2019-08-07 15:41:35.987000+00:00,9428135936,5938413568,1920819200,147492864,15.076260181745432
2019-08-07 15:41:40.987000+00:00,9428135936,5912891392,1920851968,147492864,15.346614875112467
2019-08-07 15:41:45.987000+00:00,9428135936,5912891392,1920888832,147492864,15.346223875234546
2019-08-07 15:41:50.987000+00:00,9428135936,5913018368,1920917504,147492864,15.344572986861102
2019-08-07 15:41:55.987000+00:00,9428135936,5889908736,1920954368,147492864,15.58929546600886
2019-08-07 15:42:00.987000+00:00,9428135936,5890097152,1920987136,147496960,15.586906022310455
2019-08-07 15:42:05.987000+00:00,9428135936,5889970176,1921024000,147496960,15.587861799789815
2019-08-07 15:42:10.987000+00:00,9428135936,5873049600,1921056768,147501056,15.766939743877703
2019-08-07 15:42:15.987000+00:00,9428135936,5873049600,1921093632,147501056,15.766548743999781
2019-08-07 15:42:20.987000+00:00,9428135936,5873049600,1921126400,147505152,15.766157744121859
2019-08-07 15:42:25.987000+00:00,9428135936,5846003712,1921163264,147513344,16.052543432483663
2019-08-07 15:42:30.987000+00:00,9428135936,5845876736,1921196032,147517440,16.053499209963025
2019-08-07 15:42:35.987000+00:00,9428135936,5846282240,1921232896,147517440,16.04880721142797
2019-08-07 15:42:40.987000+00:00,9428135936,5830029312,1921265664,147521536,16.220803713282397
2019-08-07 15:42:45.987000+00:00,9428135936,5829869568,1921298432,147521536,16.22215049063968
2019-08-07 15:42:50.987000+00:00,9428135936,5829615616,1921331200,147521536,16.224496489907207
2019-08-07 15:42:55.987000+00:00,9428135936,5802823680,1921368064,147521536,16.5082755124162
2019-08-07 15:43:00.987000+00:00,9428135936,5802823680,1921400832,147525632,16.50788451253828
2019-08-07 15:43:05.991000+00:00,9428135936,5802950656,1921437696,147525632,16.506146735303076
2019-08-07 15:43:10.987000+00:00,9428135936,5785935872,1921466368,147533824,16.686223901301204
2019-08-07 15:43:15.987000+00:00,9428135936,5786189824,1921503232,147533824,16.683139346708714
2019-08-07 15:43:20.987000+00:00,9428135936,5786353664,1921536000,147533824,16.68105401402647
2019-08-07 15:43:25.987000+00:00,9428135936,5759655936,1921576960,147533824,16.96379037019434
2019-08-07 15:43:30.987000+00:00,9428135936,5759528960,1921609728,147537920,16.964746147673704
2019-08-07 15:43:35.987000+00:00,9428135936,5759401984,1921646592,147537920,16.965701925153066
2019-08-07 15:43:40.987000+00:00,9428135936,5743276032,1921675264,147542016,17.136395094081085
2019-08-07 15:43:45.987000+00:00,9428135936,5743370240,1921712128,147546112,17.134961427862045
2019-08-07 15:43:50.987000+00:00,9428135936,5743591424,1921744896,147546112,17.132267873147473
2019-08-07 15:43:55.987000+00:00,9428135936,5717180416,1921781760,147550208,17.411963119153736
2019-08-07 15:44:00.987000+00:00,9428135936,5717180416,1921814528,147550208,17.411615563706697
2019-08-07 15:44:05.987000+00:00,9428135936,5717053440,1921847296,147550208,17.412614785616938
2019-08-07 15:44:10.987000+00:00,9428135936,5700132864,1921880064,147554304,17.591692729704825
2019-08-07 15:44:15.987000+00:00,9428135936,5700132864,1921916928,147554304,17.591301729826906
2019-08-07 15:44:20.987000+00:00,9428135936,5699973120,1921949696,147554304,17.59264850718419
2019-08-07 15:44:25.987000+00:00,9428135936,5673181184,1921986560,147554304,17.87642752969318
2019-08-07 15:44:30.987000+00:00,9428135936,5673308160,1922015232,147554304,17.874776641319738
2019-08-07 15:44:35.987000+00:00,9428135936,5670514688,1922056192,147554304,17.903971298871184
2019-08-07 15:44:40.987000+00:00,9428135936,5653626880,1922088960,147554304,18.08274513194291
2019-08-07 15:44:45.987000+00:00,9428135936,5653340160,1922125824,147554304,18.085395242226596
2019-08-07 15:44:50.987000+00:00,9428135936,5653377024,1922158592,147554304,18.084656686901635
2019-08-07 15:44:55.987000+00:00,9428135936,5626712064,1922195456,147554304,18.367088932053342
2019-08-07 15:45:00.987000+00:00,9428135936,5626712064,1922224128,147558400,18.366741376606306
2019-08-07 15:45:05.987000+00:00,9428135936,5626712064,1922260992,147558400,18.366350376728384
2019-08-07 15:45:10.987000+00:00,9428135936,5609631744,1922293760,147562496,18.547122653620594
2019-08-07 15:45:15.987000+00:00,9428135936,5609631744,1922330624,147566592,18.546688209311792
2019-08-07 15:45:20.987000+00:00,9428135936,5609504768,1922363392,147570688,18.547643986791154
2019-08-07 15:45:25.987000+00:00,9428135936,5582934016,1922396160,147574784,18.82907701003262
2019-08-07 15:45:30.987000+00:00,9428135936,5582680064,1922428928,147578880,18.83137956486927
2019-08-07 15:45:35.987000+00:00,9428135936,5583028224,1922465792,147578880,18.827295788366538
2019-08-07 15:45:40.987000+00:00,9428135936,5566521344,1922498560,147582976,19.001985844935533
2019-08-07 15:45:45.987000+00:00,9428135936,5566013440,1922539520,147582976,19.006938510055864
2019-08-07 15:45:50.987000+00:00,9428135936,5566140416,1922568192,147582976,19.00528762168242
2019-08-07 15:45:55.987000+00:00,9428135936,5539602432,1922605056,147582976,19.286373089476847
2019-08-07 15:46:00.987000+00:00,9428135936,5539512320,1922637824,147587072,19.286937867078287
2019-08-07 15:46:05.987000+00:00,9428135936,5539733504,1922674688,147591168,19.28415742350196
2019-08-07 15:46:10.987000+00:00,9428135936,5522591744,1922707456,147591168,19.465624811288254
2019-08-07 15:46:15.987000+00:00,9428135936,5522591744,1922744320,147591168,19.465233811410332
2019-08-07 15:46:20.987000+00:00,9428135936,5522526208,1922772992,147595264,19.465581366857375
2019-08-07 15:46:25.989000+00:00,9428135936,5496115200,1922809856,147595264,19.745320057294517
2019-08-07 15:46:30.987000+00:00,9428135936,5495734272,1922842624,147595264,19.749012833919327
2019-08-07 15:46:35.987000+00:00,9428135936,5495480320,1922879488,147595264,19.751315388755973
2019-08-07 15:46:40.987000+00:00,9428135936,5479194624,1922912256,147595264,19.92370289048832
2019-08-07 15:46:45.987000+00:00,9428135936,5479321600,1922945024,147595264,19.922008557683995
2019-08-07 15:46:50.987000+00:00,9428135936,5479034880,1922977792,147603456,19.9246152235368
2019-08-07 15:46:55.987000+00:00,9428135936,5453893632,1923018752,147607552,20.190799251539346
2019-08-07 15:47:00.987000+00:00,9428135936,5453258752,1923051520,147607552,20.197185582878724
2019-08-07 15:47:05.987000+00:00,9428135936,5453131776,1923088384,147607552,20.198141360358086
2019-08-07 15:47:10.987000+00:00,9428135936,5436243968,1923117056,147611648,20.376915193429813
2019-08-07 15:47:15.987000+00:00,9428135936,5436211200,1923153920,147619840,20.37678486013717
2019-08-07 15:47:20.987000+00:00,9428135936,5436084224,1923186688,147623936,20.377740637616533
2019-08-07 15:47:25.987000+00:00,9428135936,5409996800,1923223552,147623936,20.654047218014146
2019-08-07 15:47:30.987000+00:00,9428135936,5410091008,1923256320,147623936,20.65270044065686
2019-08-07 15:47:35.987000+00:00,9428135936,5409964032,1923293184,147628032,20.653612773705348
2019-08-07 15:47:40.987000+00:00,9428135936,5389139968,1923321856,147628032,20.874180149283752
2019-08-07 15:47:45.987000+00:00,9428135936,5388853248,1923358720,147628032,20.87683025956744
2019-08-07 15:47:50.987000+00:00,9428135936,5388980224,1923391488,147628032,20.875135926763118
2019-08-07 15:47:55.987000+00:00,9428135936,5366472704,1923428352,147628032,21.113472074571497
2019-08-07 15:48:00.987000+00:00,9428135936,5366185984,1923457024,147632128,21.116165629286066
2019-08-07 15:48:05.987000+00:00,9428135936,5366312960,1923497984,147632128,21.11438440761998
2019-08-07 15:48:10.987000+00:00,9428135936,5349425152,1923530752,147632128,21.293158240691703
2019-08-07 15:48:15.987000+00:00,9428135936,5349044224,1923567616,147636224,21.296764128454758
2019-08-07 15:48:20.987000+00:00,9428135936,5348503552,1923600384,147636224,21.30215123788389
2019-08-07 15:48:25.987000+00:00,9428135936,5321711616,1923637248,147636224,21.585930260392885
2019-08-07 15:48:30.987000+00:00,9428135936,5321584640,1923665920,147636224,21.586972926734006
2019-08-07 15:48:35.987000+00:00,9428135936,5321805824,1923702784,147636224,21.584235927588562
2019-08-07 15:48:40.987000+00:00,9428135936,5305081856,1923735552,147636224,21.761271983425083
2019-08-07 15:48:45.987000+00:00,9428135936,5304954880,1923772416,147636224,21.762227760904445
2019-08-07 15:48:50.987000+00:00,9428135936,5304655872,1923805184,147648512,21.764921315619013
2019-08-07 15:48:55.987000+00:00,9428135936,5278625792,1923837952,147652608,22.040619673984303
2019-08-07 15:49:00.987000+00:00,9428135936,5277679616,1923870720,147652608,22.05030778207057
2019-08-07 15:49:05.987000+00:00,9428135936,5277425664,1923907584,147652608,22.052610336907215
2019-08-07 15:49:10.987000+00:00,9428135936,5262123008,1923944448,147652608,22.214527730797453
2019-08-07 15:49:15.987000+00:00,9428135936,5260726272,1923981312,147652608,22.228951281849653
2019-08-07 15:49:20.987000+00:00,9428135936,5260853248,1924009984,147652608,22.22730039347621
2019-08-07 15:49:25.987000+00:00,9428135936,5235298304,1924046848,147660800,22.497872308997646
2019-08-07 15:49:30.987000+00:00,9428135936,5233774592,1924083712,147660800,22.513642637407134
2019-08-07 15:49:35.987000+00:00,9428135936,5233868800,1924120576,147660800,22.51225241561897
2019-08-07 15:49:40.987000+00:00,9428135936,5218123776,1924153344,147660800,22.678905252475136
2019-08-07 15:49:45.987000+00:00,9428135936,5216727040,1924190208,147664896,22.69328535909646
2019-08-07 15:49:50.987000+00:00,9428135936,5216600064,1924218880,147664896,22.69432802543758
2019-08-07 15:49:55.987000+00:00,9428135936,5191077888,1924255744,147664896,22.964639274373738
2019-08-07 15:50:00.987000+00:00,9428135936,5190029312,1924288512,147673088,22.97532660437025
2019-08-07 15:50:05.987000+00:00,9428135936,5189775360,1924325376,147677184,22.977585714776016
2019-08-07 15:50:10.987000+00:00,9428135936,5174251520,1924358144,147681280,23.14184910793378
2019-08-07 15:50:15.987000+00:00,9428135936,5172981760,1924390912,147681280,23.154969326059575
2019-08-07 15:50:20.987000+00:00,9428135936,5173178368,1924427776,147689472,23.15240610463765
2019-08-07 15:50:25.987000+00:00,9428135936,5151338496,1924464640,147689472,23.383660810212568
2019-08-07 15:50:30.987000+00:00,9428135936,5150670848,1924497408,147689472,23.39039469699899
2019-08-07 15:50:35.987000+00:00,9428135936,5141655552,1924534272,147689472,23.48562488948823
2019-08-07 15:50:40.987000+00:00,9428135936,6799126528,1924562944,147689472,5.905271156243116
2019-08-07 15:50:45.987000+00:00,9428135936,6794260480,1924648960,147693568,5.955927362649346
2019-08-07 15:50:50.987000+00:00,9428135936,6786007040,1924681728,147693568,6.043120335425762
2019-08-07 15:50:55.987000+00:00,9428135936,6776991744,1924718592,147693568,6.138350527915002
2019-08-07 15:51:00.987000+00:00,9428135936,6772609024,1924747264,147701760,6.1844450690788175
2019-08-07 15:51:05.987000+00:00,9428135936,6737944576,1924784128,147701760,6.551724287739417
2019-08-07 15:51:10.987000+00:00,9428135936,6738182144,1924816896,147705856,6.548813510870448
2019-08-07 15:51:15.987000+00:00,9428135936,6738055168,1924853760,147705856,6.54976928834981
2019-08-07 15:51:20.987000+00:00,9428135936,6737895424,1924890624,147705856,6.551072621276215
2019-08-07 15:51:25.987000+00:00,9428135936,6701072384,1924923392,147705856,6.941290499441521
2019-08-07 15:51:30.987000+00:00,9428135936,6699929600,1924956160,147705856,6.953063940210036
2019-08-07 15:51:35.987000+00:00,9428135936,6699388928,1924993024,147709952,6.958364160777412
2019-08-07 15:51:40.987000+00:00,9428135936,6699552768,1925025792,147709952,6.956278828095167
2019-08-07 15:51:45.987000+00:00,9428135936,6699585536,1925062656,147709952,6.955540272770204
2019-08-07 15:51:50.987000+00:00,9428135936,6663110656,1925091328,147714048,7.3420653743107
2019-08-07 15:51:55.987000+00:00,9428135936,6662332416,1925128192,147718144,7.3498853718691235
2019-08-07 15:52:00.987000+00:00,9428135936,6662205440,1925160960,147718144,7.350884593779365
2019-08-07 15:52:05.987000+00:00,9428135936,6661951488,1925197824,147718144,7.353187148616012
2019-08-07 15:52:10.987000+00:00,9428135936,6662045696,1925230592,147718144,7.351840371258729
2019-08-07 15:52:15.987000+00:00,9428135936,6628016128,1925267456,147718144,7.712385703132909
2019-08-07 15:52:20.987000+00:00,9428135936,6627889152,1925296128,147718144,7.713428369474032
2019-08-07 15:52:25.987000+00:00,9428135936,6627348480,1925337088,147718144,7.718728590041407
2019-08-07 15:52:30.987000+00:00,9428135936,6627094528,1925369856,147718144,7.721074589308934
2019-08-07 15:52:35.987000+00:00,9428135936,6627094528,1925406720,147722240,7.720640145000132
2019-08-07 15:52:40.987000+00:00,9428135936,6587826176,1925439488,147722240,8.136794348400876
2019-08-07 15:52:45.987000+00:00,9428135936,6587826176,1925472256,147722240,8.136446792953835
2019-08-07 15:52:50.987000+00:00,9428135936,6587920384,1925505024,147726336,8.13505657116567
2019-08-07 15:52:55.987000+00:00,9428135936,6587793408,1925541888,147726336,8.136012348645034
2019-08-07 15:53:00.987000+00:00,9428135936,6587760640,1925574656,147726336,8.136012348645034
2019-08-07 15:53:05.987000+00:00,9428135936,6554017792,1925611520,147726336,8.493516570357604
2019-08-07 15:53:10.987000+00:00,9428135936,6553604096,1925640192,147726336,8.497600346860336
2019-08-07 15:53:15.987000+00:00,9428135936,6553165824,1925677056,147726336,8.50185790108659
2019-08-07 15:53:20.987000+00:00,9428135936,6553292800,1925709824,147730432,8.500120123851383
2019-08-07 15:53:25.987000+00:00,9428135936,6548848640,1925746688,147734528,8.54682288704752
2019-08-07 15:53:30.987000+00:00,9428135936,6516023296,1925779456,147738624,8.894595556242942
2019-08-07 15:53:35.987000+00:00,9428135936,6515642368,1925820416,147738624,8.898201444005993
2019-08-07 15:53:40.987000+00:00,9428135936,6515388416,1925849088,147738624,8.9005908877044
2019-08-07 15:53:45.987000+00:00,9428135936,6515736576,1925885952,147738624,8.896507111201668
2019-08-07 15:53:50.987000+00:00,9428135936,6486151168,1925918720,147738624,9.20995868000179
2019-08-07 15:53:55.987000+00:00,9428135936,6484881408,1925955584,147738624,9.223035453696708
2019-08-07 15:54:00.987000+00:00,9428135936,6484721664,1925988352,147738624,9.224382231053992
2019-08-07 15:54:05.987000+00:00,9428135936,6484434944,1926021120,147738624,9.22707578576856
2019-08-07 15:54:10.987000+00:00,9428135936,6484561920,1926053888,147742720,9.225338008533356
2019-08-07 15:54:15.987000+00:00,9428135936,6444056576,1926090752,147746816,9.654525541198137
2019-08-07 15:54:20.987000+00:00,9428135936,6439174144,1926156288,147750912,9.705572747482288
2019-08-07 15:54:25.987000+00:00,9428135936,6436745216,1926193152,147750912,9.73094429511628
2019-08-07 15:54:30.987000+00:00,9428135936,6436458496,1926221824,147750912,9.73368129426173
2019-08-07 15:54:35.987000+00:00,9428135936,6436585472,1926258688,147750912,9.731943517026524
2019-08-07 15:54:40.987000+00:00,9428135936,6407602176,1926291456,147750912,10.039008754487266
2019-08-07 15:54:45.987000+00:00,9428135936,6407602176,1926332416,147750912,10.038574310178465
2019-08-07 15:54:50.987000+00:00,9428135936,6407475200,1926365184,147750912,10.039573532088708
2019-08-07 15:54:55.987000+00:00,9428135936,6407348224,1926397952,147755008,10.04052930956807
2019-08-07 15:55:00.987000+00:00,9428135936,6407315456,1926430720,147755008,10.04052930956807
2019-08-07 15:55:05.987000+00:00,9428135936,6366801920,1926467584,147759104,10.469803731094613
2019-08-07 15:55:10.987000+00:00,9428135936,6367125504,1926500352,147763200,10.465980621177163
2019-08-07 15:55:15.987000+00:00,9428135936,6366998528,1926537216,147763200,10.466936398656525
2019-08-07 15:55:20.987000+00:00,9428135936,6366932992,1926565888,147767296,10.467283954103564
2019-08-07 15:55:25.987000+00:00,9428135936,6342426624,1926602752,147767296,10.726820984181447
2019-08-07 15:55:30.987000+00:00,9428135936,6341918720,1926635520,147771392,10.731817093732662
2019-08-07 15:55:35.987000+00:00,9428135936,6342131712,1926672384,147775488,10.729123539018095
2019-08-07 15:55:40.987000+00:00,9428135936,6341894144,1926705152,147775488,10.731295760562102
2019-08-07 15:55:45.987000+00:00,9428135936,6307737600,1926742016,147775488,11.093187869793566
2019-08-07 15:55:50.987000+00:00,9428135936,6306721792,1926774784,147775488,11.103614533204796
2019-08-07 15:55:55.987000+00:00,9428135936,6306562048,1926811648,147775488,11.1049178661312
2019-08-07 15:56:00.987000+00:00,9428135936,6306562048,1926844416,147775488,11.104570310684158
2019-08-07 15:56:05.987000+00:00,9428135936,6282690560,1926881280,147775488,11.357373453975622
2019-08-07 15:56:10.987000+00:00,9428135936,6282182656,1926914048,147775488,11.362413007957716
2019-08-07 15:56:15.987000+00:00,9428135936,6282309632,1926946816,147775488,11.360718675153391
2019-08-07 15:56:20.987000+00:00,9428135936,6282149888,1926979584,147775488,11.362065452510675
2019-08-07 15:56:25.987000+00:00,9428135936,6282149888,1927016448,147775488,11.361674452632755
2019-08-07 15:56:30.987000+00:00,9428135936,6247325696,1927049216,147775488,11.730691448528558
2019-08-07 15:56:35.987000+00:00,9428135936,6247198720,1927086080,147775488,11.73164722600792
2019-08-07 15:56:40.987000+00:00,9428135936,6247268352,1927114752,147775488,11.7306045596668
2019-08-07 15:56:45.987000+00:00,9428135936,6247903232,1927151616,147775488,11.723479673002457
2019-08-07 15:56:50.987000+00:00,9428135936,6222761984,1927184384,147779584,11.98975058986676
2019-08-07 15:56:55.987000+00:00,9428135936,6222491648,1927221248,147779584,11.992226922426928
2019-08-07 15:57:00.987000+00:00,9428135936,6222491648,1927258112,147779584,11.991835922549006
2019-08-07 15:57:05.987000+00:00,9428135936,6222331904,1927294976,147779584,11.99313925547541
2019-08-07 15:57:10.987000+00:00,9428135936,6187540480,1927323648,147783680,12.361808695924175
2019-08-07 15:57:15.987000+00:00,9428135936,6187794432,1927360512,147783680,12.358724141331685
2019-08-07 15:57:20.987000+00:00,9428135936,6187540480,1927393280,147791872,12.360983251737451
2019-08-07 15:57:25.987000+00:00,9428135936,6187253760,1927430144,147791872,12.36363336202114
2019-08-07 15:57:30.987000+00:00,9428135936,6163095552,1927462912,147791872,12.619521059905093
2019-08-07 15:57:35.987000+00:00,9428135936,6162079744,1927495680,147795968,12.629904278885443
2019-08-07 15:57:40.987000+00:00,9428135936,6162079744,1927528448,147795968,12.629556723438402
2019-08-07 15:57:45.987000+00:00,9428135936,6162206720,1927565312,147800064,12.627775501772314
2019-08-07 15:57:50.987000+00:00,9428135936,6128304128,1927598080,147808256,12.98693061185833
2019-08-07 15:57:55.987000+00:00,9428135936,6127128576,1927634944,147808256,12.999008163643005
2019-08-07 15:58:00.987000+00:00,9428135936,6127349760,1927663616,147812352,12.996314608928438
2019-08-07 15:58:05.987000+00:00,9428135936,6127222784,1927700480,147812352,12.997270386407802
2019-08-07 15:58:10.987000+00:00,9428135936,6107795456,1927737344,147820544,13.202849433332567
2019-08-07 15:58:15.987000+00:00,9428135936,6107230208,1927774208,147820544,13.208453764916102
2019-08-07 15:58:20.987000+00:00,9428135936,6107324416,1927806976,147820544,13.207106987558817
2019-08-07 15:58:25.987000+00:00,9428135936,6107324416,1927843840,147820544,13.206715987680898
2019-08-07 15:58:30.987000+00:00,9428135936,6076809216,1927872512,147820544,13.530072886721687
2019-08-07 15:58:35.987000+00:00,9428135936,6076809216,1927909376,147820544,13.529681886843766
2019-08-07 15:58:40.987000+00:00,9428135936,6076809216,1927942144,147820544,13.529334331396726
2019-08-07 15:58:45.987000+00:00,9428135936,6056873984,1927979008,147824640,13.740343932181506
2019-08-07 15:58:50.987000+00:00,9428135936,6055223296,1928011776,147836928,13.757374149086516
2019-08-07 15:58:55.987000+00:00,9428135936,6025871360,1930358784,147853312,14.043629504155678
2019-08-07 15:59:00.987000+00:00,9428135936,6025838592,1930391552,147857408,14.043586059724797
2019-08-07 15:59:05.987000+00:00,9428135936,5995737088,1930424320,147861504,14.362468182384935
2019-08-07 15:59:10.987000+00:00,9428135936,5994004480,1930457088,147861504,14.380497621200186
2019-08-07 15:59:15.987000+00:00,9428135936,5994004480,1930493952,147861504,14.380106621322266
2019-08-07 15:59:20.987000+00:00,9428135936,5974466560,1930530816,147861504,14.586945556742553
2019-08-07 15:59:25.987000+00:00,9428135936,5973069824,1930567680,147861504,14.601369107794756
2019-08-07 15:59:30.987000+00:00,9428135936,5973069824,1930600448,147861504,14.601021552347715
2019-08-07 15:59:35.987000+00:00,9428135936,5974261760,1930633216,147861504,14.588031667514556
2019-08-07 15:59:40.987000+00:00,9428135936,5944897536,1930665984,147865600,14.899093792616272
2019-08-07 15:59:45.987000+00:00,9428135936,5943975936,1930702848,147865600,14.908477789686378
2019-08-07 15:59:50.987000+00:00,9428135936,5943721984,1930735616,147865600,14.910823788953905
2019-08-07 15:59:55.987000+00:00,9428135936,5943721984,1930772480,147865600,14.910432789075983
2019-08-07 16:00:00.987000+00:00,9428135936,5922516992,1930801152,147869696,15.134997052295365
2019-08-07 16:00:05.987000+00:00,9428135936,5922967552,1930838016,147869696,15.129827165020629
